0.00242088 , 289.93 , 59.47 , -0.365215 , 1.22297 , 107.487
0.00588464 , 292.53 , 59.37 , -0.283956 , 0 , 109.686
0.00645704 , 289.56 , 61.54 , -0.170703 , 0 , 104.161
0.00389968 , 287.92 , 63.42 , -0.0743621 , 0 , 96.5997
0.004642 , 285.77 , 64.83 , -0.0257898 , 0 , 88.7855
0.00321712 , 283.97 , 66.76 , -0.0107865 , 12.3778 , 81.7865
0.00231152 , 281.84 , 68.82 , -0.0075838 , 14.8487 , 80.9774
0.00324352 , 279.18 , 68.65 , -0.0087806 , 10.5425 , 84.5152
0.00373264 , 278.71 , 71.29 , -0.0142176 , 8.45698 , 90.5835
0.00193536 , 276.86 , 72.37 , -0.0248851 , 4.98094 , 94.3939
0.00173584 , 276.78 , 74.58 , -0.0425218 , 3.51349 , 101.142
0.00284368 , 274.89 , 73.43 , -0.0661061 , 1.29714 , 106.099
0.00256632 , 273.13 , 75.15 , -0.090516 , 0 , 114.591
0.00161344 , 273.83 , 77.19 , -0.110049 , 0 , 123.044
0.0022172 , 271.86 , 76.14 , -0.118406 , 0 , 126.948
0.0037432 , 271.18 , 78.21 , -0.121801 , 0 , 132.688
0.00208896 , 269.53 , 79.9 , -0.11788 , 0 , 136.603
0.00412304 , 267.52 , 80.75 , -0.112824 , 0 , 139.056
0.00249432 , 266.77 , 82.61 , -0.107878 , 0 , 142.703
0.00261256 , 264.37 , 82.93 , -0.102281 , 0 , 144.456
0.00330272 , 262.8 , 84.78 , -0.0992298 , 0 , 147.81
0.00307408 , 261.7 , 86.59 , -0.0984595 , 0 , 150.91
0.000726 , 259.25 , 86.32 , -0.0940539 , 0 , 151.901
0.000892 , 260.07 , 88.79 , -0.0922989 , 0 , 155.718
0.00435752 , 258.07 , 87.64 , -0.0948716 , 0 , 155.102
0.00336904 , 256.79 , 89.66 , -0.0995899 , 0 , 157.632
0.0034668 , 254.61 , 90.61 , -0.103646 , 0 , 158.958
0.00232496 , 254.58 , 92.98 , -0.107617 , 0 , 162.094
0.0030808 , 253.61 , 95.22 , -0.11244 , 0 , 164.65
0.00279504 , 251.53 , 96.41 , -0.115383 , 0 , 165.897
0.0019556 , 249.22 , 96.47 , -0.113831 , 0 , 165.936
0.00231392 , 249.18 , 99.12 , -0.113213 , 0 , 168.304
0.00212048 , 246.91 , 99.3 , -0.110818 , 0 , 167.528
0.00236688 , 247.18 , 101.92 , -0.1113 , 0 , 169.095
0.00094432 , 245.27 , 101.14 , -0.109573 , 0 , 166.907
0.00406488 , 245.35 , 103.26 , -0.114248 , 0 , 167.387
0.00062936 , 241.89 , 102.34 , -0.113279 , 0 , 164.262
0.00068424 , 242.6 , 104.41 , -0.112847 , 0 , 163.995
0.00044456 , 243.83 , 106.43 , -0.115436 , 0 , 162.669
0.0015992 , 242.09 , 105.13 , -0.118646 , 0 , 156.866
0.00044464 , 242.08 , 107.23 , -0.122616 , 0 , 153.679
0.00132928 , 241.09 , 105.35 , -0.125998 , 0 , 145.685
0.0018728 , 241.15 , 109.54 , -0.132563 , 0 , 142.607
0.00208128 , 239.58 , 107.61 , -0.136537 , 0 , 133.068
0.00256304 , 239.18 , 109.67 , -0.140608 , 0 , 127.68
0.00177928 , 237.2 , 111 , -0.140342 , 0 , 121.792
0.00049368 , 238.51 , 113.25 , -0.138534 , 0 , 118.088
0.00323848 , 236.6 , 112.55 , -0.137759 , 0 , 112.26
0.00350024 , 235.34 , 114.53 , -0.138707 , 0 , 110.273
0.00020032 , 233.52 , 115.83 , -0.13369 , 0 , 108.691
0.000354 , 234.12 , 119.3 , -0.130381 , 0 , 109.901
0.00046536 , 234.47 , 121.9 , -0.130646 , 0 , 110.402
0.0006772 , 233.27 , 119.52 , -0.131139 , 0 , 106.807
0.002096 , 232.19 , 117.02 , -0.133828 , 0 , 104.097
0.00363592 , 232.54 , 119.37 , -0.142995 , 0 , 106.223
0.00292696 , 229.93 , 119.82 , -0.149473 , 0 , 106.324
0.00232416 , 229.8 , 121.96 , -0.154152 , 0 , 108.41
0.0025348 , 227.99 , 123.87 , -0.155917 , 0 , 109.772
0.00352296 , 225.97 , 125.04 , -0.155807 , 0 , 110.174
0.00291856 , 224.43 , 126.6 , -0.153073 , 0 , 110.922
0.00141632 , 222.57 , 127.65 , -0.145884 , 0 , 111.196
0.00107816 , 223.54 , 129.4 , -0.141033 , 0 , 112.369
0.00307096 , 222.31 , 131.11 , -0.141634 , 0 , 112.831
0.00339736 , 221.01 , 132.84 , -0.145748 , 0 , 113.202
0.0022348 , 219.45 , 134.29 , -0.148696 , 0 , 113.402
0.00461648 , 217.69 , 135.8 , -0.154252 , 0 , 113.459
0.00614024 , 215.36 , 137 , -0.161088 , 0 , 113.115
0.0041792 , 213.56 , 134.89 , -0.160687 , 0 , 110.468
0.0014888 , 212.81 , 132.54 , -0.151642 , 0 , 108.701
0.00539688 , 212.91 , 129.62 , -0.147898 , 0 , 106.63
0.00309288 , 211.01 , 127.86 , -0.141788 , 0 , 105.907
0.00231768 , 209.98 , 126.09 , -0.134596 , 0 , 105.439
0.00489952 , 208.58 , 124.15 , -0.132235 , 0 , 104.721
0.00354216 , 207.24 , 122.23 , -0.130218 , 0 , 104.301
0.00290696 , 205.55 , 120.44 , -0.127158 , 0 , 104.08
0.00294488 , 204.97 , 118.42 , -0.124859 , 0 , 103.91
0.00437832 , 203.3 , 116.11 , -0.124362 , 0 , 103.32
0.00406848 , 201.55 , 114.56 , -0.123531 , 0 , 103.526
0.0032736 , 200.78 , 111.91 , -0.121214 , 0 , 103.041
0.0066436 , 199.25 , 110.43 , -0.12273 , 0 , 103.358
0.00257224 , 197.69 , 108.91 , -0.119216 , 0 , 104.048
0.00240984 , 198.01 , 106.47 , -0.114616 , 0 , 104.142
0.00096504 , 197.34 , 109.23 , -0.110217 , 0 , 108.721
0.00100024 , 196.59 , 106.48 , -0.105673 , 0 , 107.83
0.0034052 , 195.47 , 104.03 , -0.104635 , 0 , 107.198
0.00493392 , 194.25 , 102.26 , -0.107007 , 0 , 107.169
0.00514088 , 193.31 , 99.26 , -0.110157 , 0 , 106.224
0.00459464 , 191.18 , 98.9 , -0.111687 , 0 , 107.78
0.00212896 , 189.98 , 97.21 , -0.108365 , 0 , 108.353
0.00571848 , 188.92 , 94.37 , -0.106963 , 0 , 107.603
0.00302328 , 187.42 , 92.63 , -0.102687 , 0 , 108.023
0.00793632 , 185.24 , 91.59 , -0.102362 , 0 , 108.414
0.00332 , 184.4 , 89 , -0.0983128 , 0 , 107.925
0.00308352 , 184.03 , 86.35 , -0.0933057 , 0 , 107.454
0.0102763 , 182.63 , 84.91 , -0.0963719 , 0 , 107.496
0.00160448 , 179.81 , 83.08 , -0.0916505 , 0 , 107.526
0.00568464 , 178.68 , 81.1 , -0.088316 , 0 , 107.208
0.0038508 , 176.63 , 80.59 , -0.0843333 , 0 , 108.283
0.00443096 , 175.46 , 78.74 , -0.080814 , 0 , 107.8
0.00595112 , 174.02 , 77.3 , -0.0793516 , 0 , 107.505
0.00586128 , 171.96 , 75.16 , -0.0781379 , 0 , 106.429
0.00607056 , 170.05 , 73.97 , -0.0770389 , 0 , 106.238
0.0024616 , 169.03 , 71.43 , -0.0729423 , 0 , 105.039
0.00892176 , 167.54 , 69.91 , -0.0732495 , 0 , 104.288
0.00243216 , 164.97 , 69.55 , -0.0696234 , 0 , 104.735
0.00675736 , 163.59 , 67.87 , -0.0676206 , 0 , 103.57
0.00892688 , 161.7 , 66.98 , -0.0681947 , 0 , 103.008
0.0100445 , 159.44 , 66.12 , -0.0697415 , 0 , 102.22
0.00836608 , 156.43 , 64.13 , -0.0687435 , 0 , 100.476
0.0109034 , 153.78 , 61.84 , -0.0676175 , 0 , 98.4921
0.0098176 , 150.73 , 60.45 , -0.0648568 , 0 , 97.3314
0.00472192 , 147.55 , 58.59 , -0.0572453 , 0 , 95.7627
0.0101615 , 145.58 , 57.76 , -0.0525959 , 0 , 94.7603
0.00660224 , 142.81 , 56.23 , -0.0475715 , 0 , 92.7935
0.00477776 , 140.75 , 55.59 , -0.0422935 , 0 , 91.5543
0.00442152 , 138.52 , 55.29 , -0.0379954 , 0 , 90.5364
0.00690184 , 136.15 , 55.01 , -0.0357675 , 0 , 89.208
0.00822344 , 133.44 , 54.88 , -0.0349949 , 0 , 87.8013
0.00825672 , 130.29 , 54.11 , -0.0344124 , 0 , 85.8163
0.00852768 , 127.58 , 53.9 , -0.0338 , 0 , 84.667
0.00589592 , 125.27 , 54.38 , -0.0321938 , 0 , 84.5553
0.00694944 , 121.65 , 54.77 , -0.030253 , 0 , 84.3028
0.00762952 , 119.78 , 54.03 , -0.0286027 , 0 , 83.0483
0.0086568 , 117.06 , 54.25 , -0.0273195 , 0 , 82.5433
0.00800512 , 113.77 , 53.62 , -0.025726 , 0 , 81.2049
0.0054392 , 110.87 , 53.93 , -0.0234114 , 0 , 81.0437
0.0112825 , 108.8 , 54.91 , -0.0225939 , 0 , 81.3726
0.00655944 , 106.49 , 55.67 , -0.0213585 , 0 , 81.5607
0.00646216 , 103.91 , 56.84 , -0.0198115 , 0 , 82.21
0.00545664 , 101.46 , 57.73 , -0.0182769 , 0 , 82.7745
0.00897984 , 99.43 , 58.78 , -0.0175447 , 0 , 83.3017
0.00605976 , 97.06 , 60.19 , -0.0166689 , 0 , 84.1687
0.00725128 , 94.66 , 61.35 , -0.015841 , 0 , 84.7952
0.0068788 , 91.81 , 62.31 , -0.0150442 , 0 , 85.3257
0.0053544 , 89.05 , 63.61 , -0.0140153 , 0 , 86.2358
0.0115062 , 87.63 , 65.1 , -0.0138997 , 0 , 87.1935
0.00495856 , 85.14 , 67.9 , -0.0132819 , 0 , 89.5111
0.00676136 , 82.95 , 69.3 , -0.0125206 , 0 , 90.4877
0.0051884 , 80.87 , 71.09 , -0.0117688 , 0 , 92.0452
0.00705128 , 78.68 , 72.85 , -0.0111983 , 0 , 93.3559
0.00846416 , 76.16 , 74.33 , -0.0108539 , 0 , 94.2465
0.00524848 , 75.3 , 76.27 , -0.0103149 , 0 , 95.7442
0.00847352 , 72.26 , 78.65 , -0.00994805 , 0 , 97.5182
0.00508912 , 69.46 , 81.02 , -0.00936446 , 0 , 99.4224
0.00440504 , 67.47 , 82.86 , -0.00862005 , 0 , 100.834
0.0055996 , 65.9 , 84.86 , -0.00805646 , 0 , 102.401
0.00222992 , 65.37 , 87.72 , -0.00743413 , 0 , 104.854
0.00611088 , 63.42 , 88.53 , -0.00701186 , 0 , 105.006
0.0078392 , 61.5 , 90.8 , -0.00683555 , 0 , 106.554
0.00171928 , 60.57 , 93.16 , -0.0063619 , 0 , 108.343
0.00409072 , 59.45 , 95.14 , -0.0059405 , 0 , 109.798
0.00398808 , 57.7 , 96.8 , -0.0056099 , 0 , 110.943
0.00420968 , 56.2 , 98.26 , -0.00528735 , 0 , 111.772
0.00412336 , 55.41 , 101.21 , -0.00501877 , 0 , 114.137
0.00632184 , 53.42 , 103.45 , -0.00483379 , 0 , 115.653
0.00207952 , 51.44 , 104.25 , -0.00447416 , 0 , 115.923
0.00629432 , 50.69 , 106.21 , -0.00423974 , 0 , 117.353
0.00464992 , 49.24 , 108.76 , -0.00403312 , 0 , 119.376
0.00565536 , 47.75 , 111.06 , -0.00382116 , 0 , 121.07
0.00471952 , 46.35 , 114.07 , -0.00360721 , 0 , 123.614
0.00458768 , 44.83 , 115.77 , -0.00337043 , 0 , 124.86
0.00550296 , 43.47 , 118.45 , -0.0031724 , 0 , 127.125
0.00227992 , 41.68 , 120.22 , -0.00290149 , 0 , 128.574
0.00499424 , 40.6 , 122.01 , -0.00268263 , 0 , 130.012
0.00520448 , 39.2 , 124.75 , -0.00251412 , 0 , 132.4
0.00485136 , 37.34 , 127.62 , -0.00233865 , 0 , 134.885
0.00515696 , 36.33 , 130.3 , -0.00218096 , 0 , 137.274
0.00256536 , 34.69 , 132.67 , -0.00199535 , 0 , 139.492
0.00777448 , 33.78 , 134.52 , -0.00188661 , 0 , 141
0.00700976 , 32.11 , 136.89 , -0.00180021 , 0 , 143.063
0.00549456 , 30.07 , 135.71 , -0.00166479 , 0 , 141.569
0.0029844 , 27.92 , 133.12 , -0.00149158 , 0 , 138.892
0.00331824 , 26.6 , 131.37 , -0.00133514 , 0 , 137.123
0.00616408 , 25.43 , 129.44 , -0.00122517 , 0 , 134.992
0.00327224 , 24.44 , 127.4 , -0.00111368 , 0 , 132.891
0.00638512 , 23.15 , 125.63 , -0.0010269 , 0 , 130.88
0.00624376 , 21.35 , 122.45 , -0.000952125 , 0 , 127.468
0.003836 , 19.54 , 119.47 , -0.00086692 , 0 , 124.41
0.0102082 , 18.04 , 117.54 , -0.000819653 , 0 , 122.097
0.00361224 , 15.22 , 115.06 , -0.000754654 , 0 , 119.615
0.0085804 , 14 , 112.15 , -0.000702798 , 0 , 116.424
0.00535488 , 13.58 , 110.1 , -0.000660807 , 0 , 114.402
0.0155528 , 12.33 , 107.79 , -0.000650346 , 0 , 111.428
0.0436372 , 11.25 , 104.39 , -0.000756234 , 3.94705 , 105.769

