0.00348152 , 292.51 , 60.44 , -0.379361 , 3.5999 , 108.683
0.0028868 , 291.42 , 62.44 , -0.285425 , 0 , 112.586
0.0022792 , 289.31 , 63.61 , -0.152567 , 0 , 105.56
0.00213296 , 288.13 , 66.12 , -0.0579497 , 0 , 96.8499
0.00234472 , 286.72 , 63.48 , -0.0177672 , 0 , 83.8578
0.00286832 , 286.7 , 66.23 , -0.00794983 , 16.853 , 78.7869
0.00341192 , 284.28 , 67.27 , -0.00671566 , 18.0026 , 78.3863
0.00271392 , 281.63 , 67.99 , -0.00903261 , 11.892 , 83.1378
0.00217056 , 280.71 , 69.96 , -0.0157086 , 8.29215 , 88.5471
0.0034256 , 277.84 , 70.87 , -0.0291412 , 4.4032 , 92.4737
0.00304056 , 276.87 , 72.85 , -0.0511959 , 2.55939 , 99.5922
0.0031792 , 274.9 , 73.98 , -0.0792722 , 0.255865 , 107.446
0.00229512 , 272.92 , 75 , -0.103897 , 0 , 115.821
0.00249168 , 270.48 , 74.86 , -0.115396 , 0 , 122.124
0.00255264 , 270.68 , 77.17 , -0.116422 , 0 , 129.283
0.00364104 , 268.61 , 77.48 , -0.10981 , 0 , 132.053
0.00169008 , 267.19 , 80.27 , -0.099015 , 0 , 136.327
0.000882 , 264.79 , 79.69 , -0.0859587 , 0 , 136.794
0.00103928 , 265.86 , 81.45 , -0.0789358 , 0 , 139.963
0.00208744 , 263.37 , 80.12 , -0.0756061 , 0 , 139.435
0.00316296 , 261.98 , 81.97 , -0.0771281 , 0 , 142.329
0.00316072 , 260.31 , 84.12 , -0.081477 , 0 , 145.543
0.0020796 , 257.74 , 84.41 , -0.0841622 , 0 , 147.21
0.00110912 , 258.03 , 86.86 , -0.0868303 , 0 , 151.391
0.00237704 , 256.48 , 85.16 , -0.0888383 , 0 , 150.975
0.00268936 , 254.73 , 86.44 , -0.0907502 , 0 , 153.18
0.00139928 , 252.72 , 87.13 , -0.0897628 , 0 , 154.414
0.00105224 , 253.88 , 89.32 , -0.0899639 , 0 , 157.189
0.00205192 , 252.07 , 88.23 , -0.0904793 , 0 , 156.187
0.00255016 , 250.23 , 89.64 , -0.0921503 , 0 , 157.563
0.00429376 , 249.07 , 91.47 , -0.0969955 , 0 , 159.154
0.00347168 , 247.25 , 92.8 , -0.101399 , 0 , 160.324
0.0028252 , 245.75 , 94.93 , -0.104222 , 0 , 162.476
0.00159816 , 243.02 , 94.47 , -0.101819 , 0 , 162.065
0.00170904 , 242.37 , 96.96 , -0.0990091 , 0 , 164.375
0.00281856 , 240.81 , 98.28 , -0.0973544 , 0 , 164.759
0.0019188 , 238.93 , 99.03 , -0.0949795 , 0 , 164.379
0.00139984 , 238.58 , 101.25 , -0.093962 , 0 , 165.457
0.00345768 , 236.66 , 100.59 , -0.0952802 , 0 , 163.432
0.00436128 , 234.94 , 102.45 , -0.0994803 , 0 , 163.799
0.0025736 , 232.5 , 104.14 , -0.101395 , 0 , 163.78
0.00209904 , 231.83 , 106.24 , -0.102174 , 0 , 164.179
0.00205072 , 230.35 , 107.61 , -0.101977 , 0 , 163.26
0.00275552 , 230.65 , 109.92 , -0.104216 , 0 , 162.566
0.00317256 , 228.53 , 110.66 , -0.106491 , 0 , 159.148
0.00247296 , 226.38 , 110.96 , -0.106566 , 0 , 154.601
0.00245784 , 224.47 , 112.31 , -0.10535 , 0 , 150.124
0.00235616 , 222.71 , 114.08 , -0.103387 , 0 , 145.005
0.00481368 , 220.8 , 114.92 , -0.103683 , 0 , 138.213
0.00272536 , 219.65 , 117.46 , -0.103179 , 0 , 133.047
0.00312536 , 218.1 , 119.34 , -0.102569 , 0 , 127.433
0.00242616 , 216.4 , 121.25 , -0.10117 , 0 , 122.6
0.00250424 , 214.43 , 121.74 , -0.0989532 , 0 , 117.376
0.00263496 , 213.34 , 123.73 , -0.097662 , 0 , 114.602
0.00232776 , 212.01 , 125.38 , -0.0967618 , 0 , 112.273
0.0036612 , 210.09 , 126.48 , -0.0973573 , 0 , 109.998
0.0042852 , 208.27 , 128.3 , -0.0994509 , 0 , 108.893
0.00225808 , 206.13 , 130.56 , -0.0992658 , 0 , 108.607
0.00187152 , 204.81 , 132.65 , -0.0980343 , 0 , 108.438
0.00148216 , 202.45 , 133.53 , -0.0954407 , 0 , 107.309
0.00141992 , 203.94 , 135.42 , -0.0954656 , 0 , 107.655
0.0037852 , 201.05 , 135.75 , -0.0975654 , 0 , 105.984
0.00428728 , 199.06 , 137.03 , -0.10094 , 0 , 105.475
0.00424944 , 198.52 , 133.21 , -0.103565 , 0 , 101.043
0.00436544 , 197.01 , 131.29 , -0.105101 , 0 , 99.0884
0.00181904 , 195.49 , 129.76 , -0.102267 , 0 , 98.2277
0.0008756 , 194.42 , 127.34 , -0.0966278 , 0 , 97.1207
0.00418056 , 194.37 , 125.09 , -0.0951508 , 0 , 96.3628
0.0039504 , 191.62 , 124.26 , -0.0942365 , 0 , 96.8586
0.00268416 , 190.21 , 122.34 , -0.0920592 , 0 , 96.778
0.0030812 , 190.02 , 120.01 , -0.0908858 , 0 , 96.7435
0.00449024 , 188.43 , 118.68 , -0.0915606 , 0 , 97.5013
0.00596616 , 186.66 , 117.14 , -0.0938275 , 0 , 97.9276
0.00618768 , 184.97 , 114.07 , -0.0955704 , 0 , 97.1687
0.00376016 , 183.27 , 111.97 , -0.0935163 , 0 , 97.8314
0.00564496 , 181.91 , 108.82 , -0.0913748 , 0 , 97.5673
0.00561472 , 179.6 , 106.07 , -0.0883957 , 0 , 97.8034
0.0079676 , 176.92 , 104.51 , -0.0867903 , 0 , 98.8243
0.00547192 , 175.12 , 103.38 , -0.0833794 , 0 , 100.471
0.00142392 , 173.31 , 100.67 , -0.0757186 , 0 , 100.956
0.00507744 , 172.76 , 98.56 , -0.0717148 , 0 , 101.747
0.0059916 , 170.71 , 96.49 , -0.0702421 , 0 , 102.155
0.00226032 , 168.47 , 95.22 , -0.0668754 , 0 , 103.298
0.00264608 , 167.27 , 93.06 , -0.0638087 , 0 , 103.507
0.00698688 , 165.98 , 91.3 , -0.0646248 , 0 , 103.637
0.00612088 , 163.96 , 90.37 , -0.0660443 , 0 , 104.29
0.00831472 , 161.5 , 88.84 , -0.0681615 , 0 , 103.97
0.00418096 , 159.42 , 86.42 , -0.0665364 , 0 , 103.277
0.00397544 , 157.23 , 85.11 , -0.0629104 , 0 , 103.549
0.00766936 , 155.44 , 83.75 , -0.0613328 , 0 , 103.352
0.0037756 , 152.82 , 81.14 , -0.0573476 , 0 , 101.97
0.00490944 , 150.85 , 79.78 , -0.0536059 , 0 , 101.578
0.0086848 , 149.38 , 78.35 , -0.0528851 , 0 , 100.801
0.00837752 , 146.09 , 76.19 , -0.0523875 , 0 , 99.0524
0.00457056 , 142.8 , 73.61 , -0.0491601 , 0 , 97.183
0.00933792 , 141.01 , 72.36 , -0.0479836 , 0 , 96.4337
0.00468912 , 137.6 , 70.39 , -0.0448819 , 0 , 95.0541
0.00449248 , 135.69 , 69.29 , -0.0413258 , 0 , 94.444
0.00477944 , 133.87 , 68.33 , -0.038519 , 0 , 93.8415
0.00530368 , 132.17 , 67.19 , -0.0365818 , 0 , 92.7992
0.0078568 , 130 , 66.58 , -0.0361011 , 0 , 91.8969
0.00812416 , 126.67 , 65.38 , -0.0358483 , 0 , 90.2467
0.00751144 , 123.24 , 64.03 , -0.0349197 , 0 , 88.5374
0.00776592 , 120.11 , 62.53 , -0.0335426 , 0 , 86.7854
0.0066196 , 117.41 , 61.93 , -0.0316149 , 0 , 85.9977
0.00521136 , 114.21 , 60.82 , -0.0289424 , 0 , 84.6563
0.00784424 , 111.74 , 60.24 , -0.0270718 , 0 , 83.6256
0.00689832 , 109.64 , 59.2 , -0.0254373 , 0 , 82.0512
0.0059376 , 107.05 , 58.44 , -0.0236367 , 0 , 80.653
0.00612408 , 104.51 , 58.68 , -0.0220532 , 0 , 80.2226
0.00874872 , 101.93 , 58.41 , -0.0211948 , 0 , 79.0532
0.00726176 , 98.64 , 58.18 , -0.0201578 , 0 , 77.8997
0.0061056 , 96.53 , 58.58 , -0.018865 , 0 , 77.556
0.004948 , 94 , 58.08 , -0.0173486 , 0 , 76.4589
0.00823136 , 91.53 , 58.24 , -0.0164197 , 0 , 75.8178
0.0069816 , 88.88 , 58.58 , -0.015531 , 0 , 75.3033
0.0095808 , 85.92 , 58.42 , -0.0148702 , 0 , 74.1139
0.004232 , 83.24 , 59.38 , -0.0136162 , 0 , 74.4953
0.0068552 , 80.63 , 59.22 , -0.0124688 , 0 , 73.7212
0.00470848 , 78.21 , 59.24 , -0.0113234 , 0 , 73.3039
0.00926824 , 75.93 , 60.15 , -0.0106788 , 0 , 73.3899
0.00601536 , 73.45 , 60.93 , -0.00994509 , 0 , 73.4611
0.0103826 , 71.15 , 61.03 , -0.00947687 , 0 , 72.6861
0.00718752 , 67.94 , 62.36 , -0.00887868 , 0 , 73.3824
0.00699776 , 65.5 , 63.32 , -0.00815043 , 0 , 73.8046
0.00831616 , 63.27 , 64.79 , -0.00758642 , 0 , 74.808
0.0171099 , 59.95 , 67.02 , -0.00763673 , 0 , 75.9785
0.0043716 , 58.26 , 68.42 , -0.00702858 , 0 , 76.9885
0.00366144 , 54.64 , 70.37 , -0.00604478 , 0 , 78.7995
0.00474032 , 51.84 , 71.45 , -0.00526145 , 0 , 80.0188
0.00776328 , 49.57 , 73.61 , -0.0047344 , 0 , 81.8818
0.00746696 , 47.15 , 74.94 , -0.00427809 , 0 , 82.6994
0.00791608 , 44.72 , 76.91 , -0.00385341 , 0 , 84.193
0.00389336 , 42.92 , 77.83 , -0.00335693 , 0 , 84.9815
0.00432608 , 41.55 , 79.56 , -0.00291145 , 0 , 86.6637
0.00384224 , 40.21 , 81.06 , -0.00254256 , 0 , 88.0973
0.004318 , 38.44 , 82.33 , -0.00222597 , 0 , 89.1506
0.00784488 , 36.88 , 83.74 , -0.00200692 , 0 , 90.168
0.009398 , 34.03 , 85.98 , -0.00183812 , 0 , 91.8846
0.00743048 , 31.21 , 88.33 , -0.00164694 , 0 , 93.8739
0.00399168 , 28.36 , 91.15 , -0.00142315 , 0 , 96.679
0.00819376 , 26.8 , 93.26 , -0.00125948 , 0 , 98.7043
0.00432936 , 23.62 , 95.97 , -0.00110137 , 0 , 101.49
0.00663152 , 22.57 , 98.18 , -0.00097096 , 0 , 103.713
0.00420144 , 21 , 99.75 , -0.000858575 , 0 , 105.439
0.00706808 , 19.43 , 101.51 , -0.000772804 , 0 , 107.194
0.0040364 , 16.8 , 104.24 , -0.000696093 , 0 , 110.103
0.0032456 , 15.24 , 106.41 , -0.000625104 , 0 , 112.491
0.00931288 , 13.82 , 108.57 , -0.000589073 , 0 , 114.557
0.0109882 , 12.25 , 111.21 , -0.000573069 , 0 , 117.02
0.0105972 , 10.91 , 114.13 , -0.000558317 , 0 , 119.801

