0.003262 , 299.42 , 71.03 , -0.41105 , 9.43672 , 118.74
0.00331176 , 298.06 , 73.97 , -0.336086 , 0 , 123.759
0.00220824 , 296.68 , 76.47 , -0.20639 , 0 , 119.804
0.00254488 , 295.65 , 78.3 , -0.0952515 , 0 , 110.538
0.00392872 , 294.41 , 76.71 , -0.0354773 , 1.68795 , 97.8823
0.00195888 , 292.75 , 78.64 , -0.015709 , 13.1432 , 89.4522
0.00136168 , 290.3 , 78.84 , -0.0109419 , 14.9104 , 85.4322
0.00369088 , 289.34 , 80.87 , -0.0130407 , 12.3066 , 91.0034
0.0021956 , 286.8 , 81.67 , -0.0207314 , 7.64842 , 94.8385
0.00278864 , 286.49 , 84.17 , -0.0371177 , 5.8516 , 100.633
0.00143824 , 284.6 , 83.33 , -0.062113 , 2.95782 , 105.383
0.00332088 , 283.51 , 85.62 , -0.0964823 , 2.14437 , 115.406
0.00152528 , 282.65 , 87.62 , -0.130478 , 1.37037 , 125.719
0.00381424 , 280.37 , 88.47 , -0.156871 , 0 , 133.738
0.00257288 , 278.15 , 88.9 , -0.165082 , 0 , 140.014
0.0036524 , 278.27 , 91.32 , -0.164918 , 0 , 146.476
0.00246192 , 276.5 , 93.16 , -0.155771 , 0 , 150.602
0.002256 , 275.12 , 95.18 , -0.144278 , 0 , 154.274
0.00210688 , 273.58 , 96.71 , -0.134409 , 0 , 157.136
0.0033048 , 272.21 , 98.2 , -0.130299 , 0 , 159.607
0.0018264 , 269.76 , 98.48 , -0.125481 , 0 , 160.709
0.00227584 , 269 , 100.43 , -0.123643 , 0 , 163.35
0.00098272 , 266.8 , 100.12 , -0.119485 , 0 , 163.227
0.00068744 , 268.05 , 103.04 , -0.119227 , 0.915875 , 165.883
0.00231272 , 266.33 , 101.42 , -0.12122 , 0.552626 , 162.922
0.00181328 , 265.42 , 103.36 , -0.125577 , 0.516222 , 162.954
0.00418376 , 263.2 , 103.92 , -0.132947 , 0 , 160.436
0.00160856 , 262.16 , 105.75 , -0.137525 , 0 , 158.544
0.00081552 , 261.23 , 108.38 , -0.138911 , 0 , 155.905
0.00242008 , 259.21 , 109.01 , -0.139293 , 0 , 149.526
0.00231272 , 257.62 , 110.33 , -0.13859 , 0 , 142.416
0.0032564 , 255.55 , 112.37 , -0.137747 , 0 , 134.897
0.00195072 , 254.91 , 114.38 , -0.13553 , 0 , 127.819
0.00323824 , 252.86 , 114.87 , -0.133177 , 0 , 120.239
0.00197824 , 251.39 , 116.52 , -0.129314 , 0 , 115.621
0.0022872 , 250.82 , 118.72 , -0.126923 , 0 , 113.009
0.00122432 , 249.09 , 117.58 , -0.122127 , 0 , 108.883
0.00138992 , 249.34 , 121.72 , -0.121234 , 0 , 110.804
0.00070776 , 248.65 , 119.38 , -0.119895 , 0 , 107.487
0.00246576 , 247.61 , 121.53 , -0.122969 , 0 , 108.875
0.00198368 , 245.48 , 122.23 , -0.125845 , 0 , 109.053
0.00137888 , 246.32 , 124.17 , -0.130231 , 0 , 110.991
0.0004832 , 244.37 , 123.61 , -0.130969 , 0 , 110.51
0.00255312 , 243.96 , 125.6 , -0.13515 , 0 , 112.438
0.00266848 , 242.12 , 127.54 , -0.139606 , 0 , 113.826
0.00289064 , 240.61 , 129.16 , -0.143184 , 0 , 114.841
0.00285232 , 238.31 , 130.41 , -0.144175 , 0 , 115.43
0.00188 , 238.42 , 132.98 , -0.144484 , 0 , 117.462
0.00153928 , 236.44 , 132.59 , -0.141397 , 0 , 116.498
0.00322544 , 235.44 , 135.74 , -0.142222 , 0 , 118.666
0.00271984 , 233.33 , 136.74 , -0.142335 , 0 , 118.563
0.00285288 , 232.47 , 138.8 , -0.143614 , 0 , 119.604
0.00110096 , 230.14 , 138.54 , -0.140317 , 0 , 118.65
0.00549288 , 228.71 , 135.67 , -0.142023 , 0 , 115.567
0.00474304 , 227.66 , 133.02 , -0.144234 , 0 , 113.482
0.00159256 , 227.21 , 130.32 , -0.140699 , 0 , 112.204
0.00325576 , 225.41 , 128.92 , -0.137292 , 0 , 112.058
0.00351072 , 224.46 , 126.87 , -0.134964 , 0 , 111.485
0.00132936 , 224.58 , 124.75 , -0.13092 , 0 , 111.232
0.0047708 , 222 , 124.36 , -0.130877 , 0 , 111.818
0.0038684 , 221.34 , 121.35 , -0.131251 , 0 , 110.491
0.00492784 , 219.3 , 119.62 , -0.132282 , 0 , 110.239
0.00214296 , 218.72 , 117.19 , -0.129265 , 0 , 109.976
0.0037028 , 217.31 , 115.62 , -0.126813 , 0 , 110.27
0.00321528 , 215.39 , 114.52 , -0.123425 , 0 , 110.881
0.0023204 , 214.54 , 112.54 , -0.118789 , 0 , 110.816
0.00487696 , 212.22 , 110.81 , -0.116762 , 0 , 110.632
0.00633464 , 209.84 , 108.62 , -0.116995 , 0 , 110.034
0.00420592 , 209.34 , 104.44 , -0.115096 , 0 , 108.386
0.00217048 , 207.28 , 103.5 , -0.109555 , 0 , 109.899
0.00461288 , 205.41 , 101.76 , -0.105903 , 0 , 110.358
0.002798 , 204.33 , 99.66 , -0.101484 , 0 , 110.692
0.00470984 , 202.2 , 97.92 , -0.0988546 , 0 , 111.007
0.00533264 , 199.78 , 96.53 , -0.0974652 , 0 , 111.614
0.00324736 , 198.72 , 94.37 , -0.0945463 , 0 , 111.861
0.00217752 , 198.4 , 92.37 , -0.0909867 , 0 , 112.462
0.00302952 , 196.53 , 91.17 , -0.0883013 , 0 , 113.446
0.00578432 , 194.41 , 89.07 , -0.088361 , 0 , 113.223
0.00522904 , 192.89 , 87.38 , -0.0887498 , 0 , 113.475
0.0044828 , 191.12 , 86.1 , -0.0878159 , 0 , 114.1
0.00453384 , 188.46 , 83.87 , -0.0850795 , 0 , 113.739
0.0049076 , 187.51 , 81.51 , -0.0823697 , 0 , 113.347
0.00514192 , 185.29 , 80.33 , -0.0795998 , 0 , 113.666
0.00367664 , 183.53 , 79.14 , -0.0755377 , 0 , 113.86
0.00286784 , 181.85 , 77.97 , -0.0708048 , 0 , 113.925
0.00518448 , 180.54 , 75.59 , -0.0683306 , 0 , 112.566
0.00346664 , 178.39 , 74.99 , -0.0657442 , 0 , 112.73
0.00615144 , 177.48 , 72.93 , -0.0654328 , 0 , 111.304
0.00355728 , 176.38 , 70.54 , -0.0641704 , 0 , 109.76
0.00324312 , 174.02 , 68.86 , -0.0616643 , 0 , 108.732
0.00956768 , 171.64 , 67.88 , -0.062959 , 0 , 107.908
0.00535384 , 168.06 , 67.08 , -0.0614414 , 0 , 107.224
0.00629696 , 167.41 , 65.07 , -0.0592461 , 0 , 105.589
0.00641816 , 164.62 , 63.17 , -0.0564539 , 0 , 103.888
0.0074116 , 162.08 , 61.88 , -0.0537939 , 0 , 102.516
0.008074 , 159.4 , 60.54 , -0.0513586 , 0 , 100.83
0.00797408 , 155.54 , 58.99 , -0.0482343 , 0 , 98.7415
0.00830496 , 153.01 , 57.42 , -0.0451374 , 0 , 96.6944
0.00831136 , 149.45 , 56.19 , -0.0419388 , 0 , 94.7951
0.00843936 , 146.35 , 55.21 , -0.0388689 , 0 , 93.0675
0.00924424 , 143.4 , 54.06 , -0.0363351 , 0 , 91.0717
0.00724872 , 139.76 , 52.36 , -0.0330989 , 0 , 88.5701
0.00796704 , 136.74 , 52.24 , -0.0302558 , 0 , 87.629
0.00371888 , 134.21 , 52.02 , -0.0267536 , 0 , 86.7515
0.00315424 , 131.91 , 51.2 , -0.0234281 , 0 , 85.2647
0.00680696 , 129.85 , 50.68 , -0.0217431 , 0 , 83.8264
0.003244 , 127.76 , 50.96 , -0.0201517 , 0 , 83.1626
0.00906456 , 124.5 , 51.31 , -0.0196997 , 0 , 82.3374
0.00556608 , 122.02 , 50.61 , -0.0190259 , 0 , 80.9287
0.00642736 , 119.49 , 50.72 , -0.0182422 , 0 , 80.508
0.0067808 , 116.83 , 50.62 , -0.0175545 , 0 , 80.0695
0.00603384 , 114.17 , 50.2 , -0.0166494 , 0 , 79.3874
0.00961 , 111.22 , 50.13 , -0.0161929 , 0 , 78.9574
0.00510064 , 108.55 , 50.82 , -0.015184 , 0 , 79.4508
0.00582616 , 106.1 , 50.8 , -0.0140114 , 0 , 79.2868
0.00486928 , 104.11 , 52.32 , -0.0129768 , 0 , 80.7079
0.0090044 , 101.15 , 52.84 , -0.0124688 , 0 , 80.7814
0.00910512 , 98.32 , 53.66 , -0.0121648 , 0 , 81.0961
0.00508504 , 95.55 , 54.75 , -0.0113569 , 0 , 81.828
0.0083176 , 93.13 , 55.93 , -0.0107793 , 0 , 82.719
0.00477384 , 90.63 , 56.39 , -0.0100173 , 0 , 82.9433
0.00443552 , 88.4 , 57.68 , -0.00916973 , 0 , 83.9019
0.00702216 , 86.17 , 58.39 , -0.00864065 , 0 , 84.1533
0.00705624 , 83.5 , 59.8 , -0.0082351 , 0 , 84.9273
0.00821296 , 81.4 , 60.6 , -0.00792319 , 0 , 85.0503
0.00525328 , 78.98 , 61.56 , -0.00743639 , 0 , 85.449
0.005846 , 77.41 , 63.17 , -0.00697443 , 0 , 86.5536
0.0054016 , 74.83 , 65.11 , -0.00655094 , 0 , 87.8897
0.00523216 , 72.93 , 66.37 , -0.00612962 , 0 , 88.4912
0.00493832 , 71.01 , 67.41 , -0.00572205 , 0 , 88.8493
0.0048928 , 69.12 , 69.06 , -0.00534785 , 0 , 89.7798
0.0049776 , 67.71 , 70.65 , -0.00502557 , 0 , 90.6224
0.00567584 , 65.95 , 71.94 , -0.0047583 , 0 , 91.1003
0.00656304 , 63.49 , 73.67 , -0.00453538 , 0 , 91.953
0.00471112 , 61.59 , 75.44 , -0.0042555 , 0 , 92.9171
0.00404608 , 59.71 , 77.34 , -0.00393847 , 0 , 94.063
0.00458704 , 58.14 , 78.69 , -0.00365666 , 0 , 94.6795
0.00653352 , 57.26 , 80.81 , -0.00347891 , 0 , 95.9975
0.006256 , 54.56 , 82.86 , -0.00330105 , 0 , 97.1175
0.00352728 , 53.09 , 84.23 , -0.00303984 , 0 , 97.7531
0.00495896 , 51.74 , 85.95 , -0.00281182 , 0 , 98.7948
0.00492 , 49.14 , 88.41 , -0.00260678 , 0 , 100.517
0.00460216 , 47.88 , 90.12 , -0.00240207 , 0 , 101.523
0.00561464 , 46.36 , 92.83 , -0.00223342 , 0 , 103.535
0.00439488 , 44.76 , 94.86 , -0.0020591 , 0 , 104.92
0.00502712 , 43.14 , 96.21 , -0.00189215 , 0 , 105.655
0.00518328 , 41.76 , 98.61 , -0.00174963 , 0 , 107.507
0.0051988 , 40.55 , 101.48 , -0.00162366 , 0 , 109.835
0.00509144 , 38.95 , 103.78 , -0.00150433 , 0 , 111.608
0.00546768 , 36.19 , 104.86 , -0.00138333 , 0 , 112.155
0.00666088 , 35.06 , 107.46 , -0.00128916 , 0 , 114.332
0.00734176 , 32.74 , 110.86 , -0.00121152 , 0 , 117.249
0.00643544 , 30.85 , 114 , -0.0011313 , 0 , 120.014
0.0030592 , 29.57 , 115.66 , -0.00103161 , 0 , 121.532
0.00243216 , 28.47 , 118.09 , -0.000939429 , 0 , 123.945
0.00320864 , 27.59 , 120.06 , -0.000870615 , 0 , 125.856
0.0062844 , 25.45 , 121.62 , -0.00082621 , 0 , 127.15
0.0067472 , 23.97 , 124.91 , -0.000797421 , 0 , 130.257
0.0029044 , 23.02 , 127.54 , -0.00075683 , 0 , 132.924
0.0030524 , 21.41 , 129.33 , -0.00071612 , 0 , 134.746
0.00656776 , 20.24 , 132.19 , -0.000700742 , 0 , 137.549
0.003144 , 18.65 , 134.19 , -0.000679821 , 0 , 139.661
0.0083964 , 16.7 , 135.52 , -0.000671357 , 0 , 140.796
0.006532 , 14.34 , 133.79 , -0.000658244 , 0 , 138.989
0.0070132 , 12.28 , 130.17 , -0.000634164 , 0 , 135.262
0.0037248 , 10.99 , 128.37 , -0.00060451 , 0 , 133.667
0.00728472 , 9.2 , 125.25 , -0.000581622 , 0 , 130.429
0.00362688 , 7.94 , 123.42 , -0.000557244 , 0 , 128.783
0.00389368 , 6.55 , 121.47 , -0.000531256 , 0 , 126.893
0.00941352 , 5.14 , 118.57 , -0.000522673 , 0 , 123.699
0.0142425 , 4.11 , 115.94 , -0.000530481 , 0 , 120.572
0.241979 , 2.67 , 111.93 , -0.00209871 , 75.0391 , 97.0287

