0.119385 , 278.82 , 134.64 , -0.890739 , 125.532 , 142.075
0.0006672 , 266.86 , 122.67 , -0.929966 , 0 , 150.866
0.00084968 , 236.05 , 91.13 , -0.613043 , 0 , 152.062
0.00114416 , 235.8 , 93.18 , -0.0494862 , 0 , 154.417
0.0019452 , 233.65 , 92.84 , -0.000537068 , 0 , 89.2789
0.00192696 , 232.76 , 94.74 , -5.70714e-05 , 70.1763 , 89.1027
0.0038796 , 230.1 , 95.2 , -7.93934e-05 , 66.4129 , 110.223
0.00281208 , 228.16 , 96.04 , -0.000138581 , 44.8388 , 118.752
0.00247848 , 226.78 , 97.85 , -0.000262767 , 30.8531 , 123.452
0.00221208 , 225.48 , 100.18 , -0.000527263 , 20.5339 , 124.635
0.00300592 , 223 , 100.72 , -0.00104108 , 11.3515 , 122.157
0.0040456 , 220.92 , 101.85 , -0.00197849 , 4.51291 , 120.529
0.00079464 , 220.6 , 103.95 , -0.0034692 , 0 , 121.197
0.00268536 , 218.29 , 103.15 , -0.00559703 , 0 , 119.846
0.0023796 , 216.38 , 104.24 , -0.0082421 , 0 , 121.497
0.0020232 , 214.66 , 106.42 , -0.0109216 , 0 , 124.815
0.00278472 , 213.91 , 108.31 , -0.0133232 , 0 , 128.162
0.00200672 , 211.57 , 108.88 , -0.0146993 , 0 , 130.088
0.0029404 , 209.73 , 109.73 , -0.0152566 , 0 , 132.166
0.00153832 , 208.94 , 111.71 , -0.0152266 , 0 , 135.155
0.00201288 , 207.68 , 113.87 , -0.0151361 , 0 , 137.863
0.00147016 , 205.41 , 113 , -0.0148456 , 0 , 137.428
0.0022976 , 203.79 , 114.43 , -0.0149078 , 0 , 139.284
0.0023284 , 203.52 , 116.54 , -0.0155781 , 0 , 141.719
0.00213488 , 202.66 , 118.87 , -0.0167083 , 0 , 144.205
0.0017856 , 200.64 , 118.34 , -0.0177878 , 0 , 143.986
0.00285912 , 198.73 , 119.49 , -0.0191237 , 0 , 145.611
0.00188584 , 197.28 , 120.89 , -0.0204005 , 0 , 147.535
0.00318584 , 195.15 , 122.44 , -0.0217911 , 0 , 149.478
0.00221184 , 193.79 , 124 , -0.023028 , 0 , 151.575
0.00214304 , 192.8 , 126.18 , -0.0242836 , 0 , 154.293
0.00339136 , 191.06 , 127.75 , -0.0259005 , 0 , 156.255
0.00351168 , 189 , 128.83 , -0.0275703 , 0 , 157.68
0.00288224 , 187.08 , 130.68 , -0.0289684 , 0 , 159.919
0.002408 , 185.43 , 132 , -0.0300311 , 0 , 161.725
0.00231984 , 184.41 , 134.04 , -0.0312173 , 0 , 164.26
0.00215488 , 182.25 , 135.42 , -0.0322782 , 0 , 165.926
0.00308952 , 180.14 , 136.13 , -0.0335301 , 0 , 166.84
0.00260512 , 178.75 , 137.73 , -0.0349295 , 0 , 168.609
0.00404352 , 176.55 , 136.67 , -0.0365275 , 0 , 167.592
0.0058004 , 174.54 , 134.36 , -0.0386351 , 0 , 165.367
0.00407616 , 172.65 , 130.86 , -0.0396069 , 0 , 162.117
0.00481456 , 171.36 , 129.03 , -0.0403458 , 0 , 160.577
0.00459144 , 169.05 , 126.97 , -0.0405223 , 0 , 158.651
0.00497416 , 167.46 , 123.63 , -0.0403233 , 0 , 155.446
0.00170872 , 166.06 , 121.48 , -0.0386404 , 0 , 153.512
0.0038484 , 164.52 , 119.57 , -0.0375638 , 0 , 151.574
0.00572712 , 162.67 , 118.81 , -0.0378863 , 0 , 150.402
0.00273472 , 160.95 , 116.97 , -0.0373095 , 0 , 148.154
0.00235528 , 159.33 , 115.51 , -0.0362778 , 0 , 146.448
0.00578056 , 157.14 , 112.9 , -0.0364574 , 0 , 143.47
0.00590368 , 154.4 , 110.94 , -0.0368632 , 0 , 140.961
0.00553192 , 151.89 , 107.95 , -0.0365914 , 0 , 137.518
0.00297872 , 150.71 , 106.24 , -0.0352283 , 0 , 135.765
0.00671512 , 147.47 , 103.64 , -0.0344744 , 0 , 132.837
0.00589032 , 144.35 , 100.89 , -0.033393 , 0 , 129.785
0.0059752 , 141.89 , 98.83 , -0.0320616 , 0 , 127.395
0.00588744 , 139.25 , 96.33 , -0.0305616 , 0 , 124.632
0.00275512 , 137.27 , 95.06 , -0.0282968 , 0 , 123.303
0.00592544 , 135.27 , 92.68 , -0.0269292 , 0 , 120.66
0.00638824 , 132.71 , 90.26 , -0.0261272 , 0 , 117.804
0.003024 , 131.1 , 88.97 , -0.0247445 , 0 , 116.193
0.00634272 , 127.3 , 87.2 , -0.0237683 , 0 , 113.831
0.00582872 , 125 , 85.14 , -0.0229457 , 0 , 111.349
0.00481128 , 122.41 , 83.31 , -0.0218031 , 0 , 109.047
0.00566864 , 120.15 , 81.83 , -0.0208092 , 0 , 107.099
0.0027156 , 118.54 , 80.36 , -0.0194246 , 0 , 105.345
0.00586024 , 116.35 , 79.1 , -0.0185669 , 0 , 103.522
0.00563624 , 113.39 , 77.61 , -0.0178481 , 0 , 101.352
0.0047216 , 110.39 , 76.41 , -0.01685 , 0 , 99.4648
0.00574992 , 108.77 , 75.12 , -0.0160491 , 0 , 97.6016
0.00521704 , 105.98 , 74.37 , -0.0152294 , 0 , 96.2191
0.00573984 , 104.72 , 72.27 , -0.0145034 , 0 , 93.5584
0.00589896 , 101.02 , 70.85 , -0.0137151 , 0 , 91.435
0.00515552 , 98.81 , 70.27 , -0.0128499 , 0 , 90.281
0.00586184 , 96.72 , 69.01 , -0.0120732 , 0 , 88.4284
0.00579128 , 94.04 , 68.39 , -0.0113344 , 0 , 87.188
0.00501312 , 91.6 , 68.2 , -0.0105467 , 0 , 86.4209
0.0058548 , 89.58 , 66.43 , -0.00983742 , 0 , 84.0984
0.00506936 , 86.75 , 65.49 , -0.00910607 , 0 , 82.6126
0.00521968 , 84.33 , 64.53 , -0.00839421 , 0 , 81.1039
0.00693848 , 81.88 , 63.28 , -0.00784793 , 0 , 79.2256
0.00621064 , 78.27 , 63.53 , -0.00728703 , 0 , 78.7926
0.00581616 , 75.93 , 63.08 , -0.00669184 , 0 , 77.7838
0.00643672 , 73.93 , 62.99 , -0.00618628 , 0 , 77.1999
0.00473576 , 71.57 , 62.41 , -0.00563744 , 0 , 76.1754
0.00767184 , 68.79 , 61.77 , -0.00521192 , 0 , 74.9519
0.0084164 , 66.17 , 61.72 , -0.00489005 , 0 , 74.2666
0.00464792 , 63.72 , 61.9 , -0.00442567 , 0 , 73.9588
0.00509032 , 60.95 , 61.19 , -0.0039359 , 0 , 72.8706
0.00891272 , 58.35 , 61.05 , -0.00361836 , 0 , 72.2475
0.00607928 , 55.21 , 61.31 , -0.00326777 , 0 , 71.9792
0.00546728 , 52.73 , 61.67 , -0.00288475 , 0 , 71.9098
0.0220657 , 48.44 , 61.24 , -0.00286582 , 0 , 70.3492
0.00337416 , 44.75 , 61.72 , -0.00254467 , 0 , 70.4137
0.0045828 , 42.17 , 63.11 , -0.00210214 , 0 , 71.6678
0.00305424 , 40.25 , 63.78 , -0.00176433 , 0 , 72.6169
0.013731 , 37.62 , 65.11 , -0.00159428 , 0 , 73.4286
0.00960288 , 34.09 , 66.1 , -0.00143421 , 0 , 73.8695
0.0052336 , 32.13 , 67.28 , -0.00121847 , 0 , 74.8577
0.00502264 , 30.34 , 68.28 , -0.00103167 , 0 , 75.9492
0.00580368 , 28.24 , 68.78 , -0.000886023 , 0 , 76.4794
0.00521544 , 26.24 , 69.44 , -0.000765651 , 0 , 77.1321
0.00960456 , 22.97 , 71.32 , -0.000681669 , 0 , 78.7802
0.00524328 , 21.11 , 72.6 , -0.000602722 , 0 , 80.0758
0.0111908 , 17.98 , 74.87 , -0.000546366 , 0 , 82.1069
0.00588752 , 15.2 , 76.13 , -0.000492245 , 0 , 83.4418
0.00541352 , 12.89 , 77.24 , -0.000437558 , 0 , 84.6833
0.00573192 , 11.22 , 78.82 , -0.000398248 , 0 , 86.4473
0.00955056 , 8.25 , 80.77 , -0.000373572 , 0 , 88.3142
0.00526776 , 6.19 , 82.24 , -0.000349313 , 0 , 89.9287
0.0162777 , 4.21 , 84.83 , -0.000343084 , 0 , 92.1023
0.256111 , 2.96 , 80.12 , -0.00142312 , 79.1843 , 67.2864

