0.00517608 , 300.46 , 48.9 , -0.402924 , 10.1253 , 100.882
0.00366256 , 298.05 , 50.25 , -0.332855 , 0 , 105.895
0.00401136 , 296.39 , 52.69 , -0.211301 , 0 , 101.966
0.0057316 , 293.91 , 53.12 , -0.101069 , 0 , 93.6822
0.00390176 , 291.33 , 54.5 , -0.0358967 , 0.491255 , 85.2642
0.00306616 , 288.98 , 55.65 , -0.0139969 , 12.1764 , 74.4662
0.00350216 , 286.38 , 56.27 , -0.00878525 , 14.2914 , 70.4876
0.00417416 , 285.14 , 58.62 , -0.00969067 , 12.0624 , 76.2746
0.0036268 , 282.31 , 58.82 , -0.0146454 , 8.25644 , 79.1116
0.00170152 , 281.66 , 61.53 , -0.0244273 , 6.47256 , 84.648
0.00255616 , 279.76 , 59.21 , -0.0394252 , 4.31722 , 87.105
0.00289008 , 278.65 , 61.65 , -0.0599611 , 3.5387 , 96.1807
0.00492272 , 277.31 , 63.27 , -0.0850505 , 2.94486 , 104.511
0.00337352 , 275.32 , 64.66 , -0.105946 , 0.819329 , 112.197
0.00102576 , 273.72 , 67.03 , -0.113965 , 0 , 119.898
0.00237112 , 271.65 , 66.55 , -0.110591 , 0 , 123.357
0.00216856 , 271.25 , 69.01 , -0.103321 , 0 , 128.426
0.00328192 , 269.1 , 68.24 , -0.0945759 , 0 , 128.875
0.00265272 , 266.96 , 68.29 , -0.0858355 , 0 , 130.154
0.00384224 , 266.42 , 70.8 , -0.0822298 , 0 , 133.778
0.00348216 , 264.34 , 72.36 , -0.0809312 , 0 , 136.262
0.00295168 , 263.22 , 74.36 , -0.0812666 , 0 , 139.518
0.0032072 , 261.13 , 74.34 , -0.0817631 , 0 , 140.83
0.00446008 , 258.7 , 75.58 , -0.0831748 , 0 , 143.207
0.00350544 , 256.55 , 77.23 , -0.0832843 , 0 , 145.768
0.00366832 , 254.96 , 79.18 , -0.0827171 , 0 , 148.384
0.00239384 , 253.12 , 80.32 , -0.0801856 , 0 , 150.038
0.00264512 , 251.84 , 82.57 , -0.0780371 , 0 , 152.457
0.00331424 , 249.85 , 83.1 , -0.0765844 , 0 , 152.805
0.00341432 , 248.62 , 84.87 , -0.0766539 , 0 , 154.32
0.00243312 , 246.56 , 85.81 , -0.0761043 , 0 , 154.945
0.00303048 , 245.69 , 87.73 , -0.0770268 , 0 , 156.665
0.00237424 , 243.09 , 88.9 , -0.0771592 , 0 , 157.444
0.00235672 , 242.55 , 91.03 , -0.078151 , 0 , 159.327
0.00448424 , 241.18 , 92.62 , -0.0818062 , 0 , 160.394
0.00240016 , 239.68 , 94.26 , -0.0844145 , 0 , 161.672
0.00101632 , 237.69 , 95.15 , -0.0838445 , 0 , 162.311
0.00397144 , 237.4 , 97.25 , -0.0865717 , 0 , 164.067
0.00293864 , 235.48 , 98.78 , -0.0890399 , 0 , 164.856
0.002322 , 233.62 , 99.71 , -0.089561 , 0 , 165.094
0.00294464 , 232.15 , 101.33 , -0.0901579 , 0 , 166.01
0.00276144 , 230.39 , 102.47 , -0.090257 , 0 , 166.226
0.00361496 , 228.71 , 103.6 , -0.09085 , 0 , 166.215
0.00188112 , 227.27 , 105.44 , -0.0900632 , 0 , 166.78
0.00226176 , 225.21 , 106 , -0.0884153 , 0 , 165.83
0.0033124 , 224.82 , 108.3 , -0.0895317 , 0 , 166.378
0.00303136 , 223.26 , 109.59 , -0.0913221 , 0 , 165.356
0.00344768 , 221.55 , 111.16 , -0.0936107 , 0 , 164.229
0.00171232 , 219.13 , 112.52 , -0.0931767 , 0 , 162.365
0.00378696 , 218.31 , 114.45 , -0.0947067 , 0 , 160.242
0.00297816 , 216.88 , 116.15 , -0.0960321 , 0 , 156.68
0.0023496 , 214.76 , 116.69 , -0.0952377 , 0 , 150.889
0.0029052 , 214.47 , 119.63 , -0.0959878 , 0 , 146.458
0.00240224 , 212.05 , 120.14 , -0.0952028 , 0 , 138.736
0.00278496 , 209.89 , 120.9 , -0.0935652 , 0 , 131.301
0.00156152 , 209.45 , 124.24 , -0.0920239 , 0 , 126.832
0.00301016 , 208.46 , 127.74 , -0.0927585 , 0 , 122.76
0.00143456 , 205.93 , 128.46 , -0.0913568 , 0 , 117.091
0.00440584 , 204.6 , 130.04 , -0.0928794 , 0 , 113.231
0.00178776 , 203.21 , 131.87 , -0.0928916 , 0 , 110.696
0.00227328 , 202.36 , 134.39 , -0.093281 , 0 , 109.359
0.00201056 , 199.64 , 134.39 , -0.0921369 , 0 , 106.214
0.00310472 , 199.08 , 136.99 , -0.0931264 , 0 , 106.018
0.0040804 , 197.48 , 138.76 , -0.0956715 , 0 , 104.984
0.00395672 , 195.29 , 139.88 , -0.0976353 , 0 , 103.573
0.00077152 , 193.39 , 137.4 , -0.094328 , 0 , 99.8933
0.00445944 , 194.15 , 134.24 , -0.0945197 , 0 , 96.3861
0.0034232 , 192.84 , 132.38 , -0.0947227 , 0 , 94.6811
0.00443264 , 190.94 , 129.98 , -0.0948192 , 0 , 92.7537
0.00503432 , 189.85 , 127.3 , -0.0953703 , 0 , 91.2128
0.00479272 , 188.56 , 125.56 , -0.0954801 , 0 , 90.9695
0.00476448 , 186.16 , 123.35 , -0.0939954 , 0 , 90.5132
0.00699176 , 185.08 , 120.32 , -0.0940838 , 0 , 89.636
0.00539792 , 182.9 , 118.19 , -0.0921694 , 0 , 90.0215
0.00497768 , 181.03 , 114.71 , -0.0882626 , 0 , 89.575
0.002652 , 178.52 , 112.99 , -0.0816312 , 0 , 91.2455
0.00586704 , 177.88 , 111.04 , -0.0785192 , 0 , 92.5635
0.00513872 , 175.71 , 108.41 , -0.0760057 , 0 , 93.285
0.0060272 , 174.42 , 105.75 , -0.0748328 , 0 , 94.0211
0.00537344 , 171.48 , 102.8 , -0.0729547 , 0 , 94.5219
0.00262632 , 168.81 , 99.89 , -0.0683566 , 0 , 95.388
0.006074 , 167.86 , 98.11 , -0.0665306 , 0 , 96.971
0.00377968 , 165.99 , 95.93 , -0.0641279 , 0 , 98.0461
0.00562296 , 164.57 , 94.05 , -0.0630017 , 0 , 98.9155
0.00324304 , 162.67 , 91.81 , -0.0607633 , 0 , 99.4191
0.00282744 , 161.31 , 89.39 , -0.0580683 , 0 , 99.5537
0.0059132 , 159.93 , 87.83 , -0.0576476 , 0 , 99.9702
0.00698264 , 157.66 , 86.08 , -0.0583271 , 0 , 99.7404
0.00676136 , 155.62 , 83.84 , -0.0585984 , 0 , 98.9119
0.00677368 , 153.11 , 80.33 , -0.0577129 , 0 , 96.8764
0.00695496 , 150.24 , 78.13 , -0.0558992 , 0 , 96.0498
0.00756 , 147.85 , 76.05 , -0.0537978 , 0 , 95.171
0.00421744 , 144.83 , 74.42 , -0.049436 , 0 , 94.7275
0.00765528 , 143.49 , 72.68 , -0.0467647 , 0 , 93.8673
0.00438112 , 140.24 , 71.15 , -0.0431943 , 0 , 93.1148
0.00763048 , 138.48 , 69.76 , -0.0412398 , 0 , 92.1389
0.00331472 , 135.77 , 66.86 , -0.038146 , 0 , 89.8885
0.00636776 , 133.47 , 66.17 , -0.0362475 , 0 , 89.4264
0.00611992 , 131.37 , 64.38 , -0.0350016 , 0 , 87.83
0.00641096 , 128.55 , 64.17 , -0.03399 , 0 , 87.5083
0.00712272 , 125.58 , 62.21 , -0.0330349 , 0 , 85.408
0.0058188 , 123.1 , 60.45 , -0.0315735 , 0 , 83.6688
0.00672552 , 121.1 , 59.52 , -0.0303252 , 0 , 82.651
0.00664976 , 118.13 , 58.31 , -0.0289854 , 0 , 81.2033
0.00811544 , 115.88 , 57.35 , -0.0280142 , 0 , 79.8694
0.00417776 , 113.75 , 56.15 , -0.0261049 , 0 , 78.5149
0.00882088 , 111.95 , 55.27 , -0.0251753 , 0 , 77.1362
0.0076892 , 108.9 , 54.46 , -0.0242854 , 0 , 75.7375
0.00810952 , 105.65 , 54.02 , -0.0231762 , 0 , 74.5423
0.00822712 , 102.5 , 53.69 , -0.0219734 , 0 , 73.5239
0.0082756 , 100.08 , 53 , -0.020734 , 0 , 72.2023
0.00690928 , 96.52 , 52.61 , -0.0191136 , 0 , 71.1754
0.00771 , 94.18 , 52.01 , -0.0176315 , 0 , 69.9581
0.00568056 , 91.12 , 51.65 , -0.0159623 , 0 , 69.0036
0.00950896 , 87.7 , 51.54 , -0.0148258 , 0 , 67.9646
0.00548856 , 85.01 , 52.33 , -0.0134879 , 0 , 68.0539
0.00609464 , 82.75 , 52.9 , -0.0122113 , 0 , 67.8979
0.00759784 , 80.28 , 52.99 , -0.0113025 , 0 , 67.242
0.00645368 , 77.56 , 53.33 , -0.0104172 , 0 , 66.8018
0.00558504 , 75.61 , 54.51 , -0.00954437 , 0 , 67.3003
0.00749216 , 73.52 , 54.28 , -0.00888777 , 0 , 66.3313
0.00473792 , 70.59 , 55.48 , -0.00812167 , 0 , 66.9188
0.00483816 , 68.31 , 55.55 , -0.00733009 , 0 , 66.4362
0.00696952 , 66.69 , 56.79 , -0.00680244 , 0 , 67.1102
0.00644776 , 64.52 , 57.4 , -0.00632879 , 0 , 67.0589
0.0080624 , 62.25 , 58.5 , -0.0059399 , 0 , 67.4438
0.00584848 , 59.4 , 59.06 , -0.0054554 , 0 , 67.4671
0.00561832 , 57.23 , 60.02 , -0.00493741 , 0 , 68.039
0.00614064 , 55.82 , 61.62 , -0.00451282 , 0 , 69.3185
0.013845 , 54.11 , 64.16 , -0.00442901 , 0 , 71.057
0.00670048 , 52.71 , 66.17 , -0.00419259 , 0 , 72.5612
0.00395568 , 50.88 , 67.04 , -0.0037356 , 0 , 73.2179
0.00333208 , 48.35 , 68.23 , -0.00328493 , 0 , 74.4811
0.00706336 , 45.61 , 69.48 , -0.00295851 , 0 , 75.4995
0.00588808 , 43.25 , 71.21 , -0.00266019 , 0 , 76.9345
0.0101614 , 40.55 , 73.49 , -0.00243878 , 0 , 78.698
0.00855568 , 38.8 , 75.77 , -0.00223243 , 0 , 80.676
0.00364272 , 36.06 , 78.66 , -0.00194076 , 0 , 83.5557
0.00330424 , 34.47 , 80.51 , -0.00166157 , 0 , 85.6025
0.00822216 , 33.24 , 82.26 , -0.00148711 , 0 , 87.3096
0.00380752 , 31.21 , 83.73 , -0.00130811 , 0 , 88.7978
0.00813264 , 29.78 , 85.39 , -0.00116822 , 0 , 90.296
0.00346864 , 27.16 , 88.05 , -0.0010305 , 0 , 93.0893
0.00826416 , 25.65 , 90.09 , -0.000925988 , 0 , 95.0289
0.00751656 , 23.23 , 93.06 , -0.000846982 , 0 , 97.9834
0.0076016 , 20.57 , 96.12 , -0.000770867 , 0 , 101.006
0.00389528 , 18.87 , 99.04 , -0.000693113 , 0 , 104.195
0.00328624 , 17.46 , 100.87 , -0.000622064 , 0 , 106.315
0.00733776 , 15.98 , 102.6 , -0.000579178 , 0 , 108.113
0.00713568 , 14.05 , 106.94 , -0.000552028 , 0 , 112.565
0.00359792 , 11.84 , 108.75 , -0.000515521 , 0 , 114.569
0.00412368 , 10.6 , 110.96 , -0.000484735 , 0 , 117.023
0.0070888 , 9.57 , 112.86 , -0.000470161 , 0 , 118.983
0.0031948 , 7.39 , 116.07 , -0.00045377 , 0 , 122.476
0.00822744 , 6.29 , 117.77 , -0.000446171 , 0 , 124.105
0.0051864 , 5.69 , 121.16 , -0.000443965 , 0 , 127.713
0.0066756 , 4.47 , 123.33 , -0.000441015 , 0 , 129.884
0.00798088 , 3.8 , 125.4 , -0.000445455 , 0 , 131.932

