0.00118624 , 296.1 , 58.31 , -0.378483 , 5.85027 , 108.075
0.003638 , 299.32 , 55.84 , -0.301837 , 0 , 108.857
0.0015964 , 298.24 , 57.65 , -0.184368 , 0 , 103.682
0.00535552 , 296.9 , 59.47 , -0.0925404 , 0 , 95.7327
0.0014856 , 294.51 , 60.5 , -0.0367259 , 2.37514 , 87.5114
0.00345896 , 293.41 , 58.36 , -0.0174961 , 13.5231 , 76.3842
0.002666 , 292.59 , 60.47 , -0.0132422 , 15.945 , 74.7763
0.00287 , 290.78 , 61.57 , -0.0158348 , 12.2138 , 78.6587
0.00243824 , 288.27 , 61.58 , -0.0244577 , 8.24842 , 82.0319
0.00132504 , 288.13 , 64.06 , -0.0410627 , 7.13949 , 88.6355
0.00033072 , 285.82 , 63.31 , -0.0635186 , 4.40008 , 93.9613
0.00439328 , 286.1 , 65.7 , -0.09687 , 5.47671 , 104.294
0.0035652 , 284.12 , 66.25 , -0.133339 , 3.75477 , 112.672
0.00375664 , 281.81 , 67.55 , -0.162861 , 1.44788 , 121.084
0.00187272 , 279.59 , 67.16 , -0.171519 , 0 , 126.986
0.00380832 , 278.95 , 69.81 , -0.170515 , 0 , 134.218
0.00224096 , 276.68 , 69.93 , -0.155871 , 0 , 137.137
0.00375544 , 275.05 , 71.86 , -0.140173 , 0 , 140.766
0.00136496 , 274.45 , 74.34 , -0.125113 , 0 , 144.574
0.00375752 , 272.36 , 74.02 , -0.115104 , 0 , 145.066
0.00078952 , 270.28 , 74.65 , -0.105111 , 0 , 146.83
0.00094248 , 271.4 , 76.81 , -0.100662 , 2.055 , 150.021
0.00242992 , 269.4 , 75.42 , -0.0997194 , 2.09705 , 149.232
0.00330384 , 267.6 , 76.36 , -0.102552 , 2.35269 , 150.787
0.00294928 , 266.26 , 77.9 , -0.106953 , 2.34566 , 152.871
0.00262264 , 265.39 , 80 , -0.111958 , 2.13762 , 155.569
0.00290048 , 262.96 , 79.2 , -0.114428 , 0.600228 , 155.373
0.00173472 , 261.68 , 81.17 , -0.114354 , 0.0548169 , 157.884
0.00397928 , 261.18 , 83.3 , -0.117175 , 0.995521 , 159.931
0.00306032 , 258.52 , 84.49 , -0.117714 , 0 , 160.65
0.00465576 , 256.6 , 85.31 , -0.118662 , 0 , 161.053
0.00163448 , 254.84 , 86.92 , -0.115247 , 0 , 162.292
0.0029716 , 252.76 , 87.05 , -0.110494 , 0 , 161.734
0.00390256 , 251.57 , 89.02 , -0.10854 , 0 , 162.726
0.0024572 , 249.36 , 90.24 , -0.105295 , 0 , 162.545
0.00300816 , 248.82 , 92.44 , -0.104419 , 0 , 163.4
0.0024852 , 247.07 , 93.43 , -0.104054 , 0 , 162.9
0.00230496 , 245.15 , 94.58 , -0.103594 , 0 , 162.47
0.00204816 , 245.08 , 96.82 , -0.105029 , 0 , 163.067
0.00369416 , 243 , 97.72 , -0.108267 , 0 , 161.783
0.00261064 , 241.1 , 99.01 , -0.110254 , 0 , 160.783
0.00288288 , 239.63 , 100.94 , -0.111759 , 0 , 159.967
0.00325896 , 237.97 , 102.87 , -0.113082 , 0 , 158.413
0.00341472 , 235.65 , 103.91 , -0.112959 , 0 , 155.102
0.0022588 , 234.94 , 105.87 , -0.111688 , 0 , 151.963
0.00193312 , 232.58 , 105.68 , -0.107793 , 0 , 145.752
0.0012532 , 232.26 , 108.19 , -0.104654 , 0 , 141.651
0.00300096 , 230.38 , 107.44 , -0.10318 , 0 , 133.895
0.0024236 , 229.65 , 109.86 , -0.103687 , 0 , 129.555
0.00399248 , 227.75 , 111.42 , -0.106431 , 0 , 124.527
0.00390632 , 226.44 , 114.21 , -0.110438 , 0 , 121.307
0.00334888 , 223.68 , 114.59 , -0.111404 , 0 , 116.42
0.00331808 , 222.39 , 116.33 , -0.110983 , 0 , 113.743
0.00164968 , 221.34 , 118.17 , -0.107879 , 0 , 111.797
0.00332792 , 219.5 , 119.9 , -0.105629 , 0 , 109.968
0.003522 , 218.17 , 121.54 , -0.104787 , 0 , 108.593
0.00092816 , 216.03 , 122.36 , -0.100908 , 0 , 107.09
0.00277992 , 215.6 , 124.38 , -0.100333 , 0 , 107.075
0.00190936 , 213.9 , 126.27 , -0.100536 , 0 , 107.015
0.0029772 , 212.24 , 127.53 , -0.102258 , 0 , 106.402
0.00214752 , 210.53 , 129.02 , -0.10357 , 0 , 106.251
0.0035804 , 209.07 , 130.81 , -0.106403 , 0 , 106.276
0.00253504 , 206.44 , 132.15 , -0.107021 , 0 , 105.911
0.00188056 , 205.43 , 134.23 , -0.106353 , 0 , 106.437
0.00240864 , 204.84 , 136.59 , -0.106735 , 0 , 107.078
0.00323016 , 203.33 , 138.36 , -0.10827 , 0 , 106.906
0.00320992 , 201.97 , 140.09 , -0.110141 , 0 , 106.721
0.00208728 , 200.26 , 138.42 , -0.109134 , 0 , 103.889
0.00126528 , 198.89 , 134.88 , -0.105292 , 0 , 100.334
0.00386824 , 199.13 , 132.65 , -0.105265 , 0 , 98.5945
0.00422048 , 197.64 , 131.16 , -0.106593 , 0 , 97.7101
0.0016856 , 196.95 , 129.03 , -0.105077 , 0 , 96.9424
0.00479216 , 195.49 , 127.18 , -0.105896 , 0 , 96.3534
0.00256312 , 194.84 , 125.17 , -0.105061 , 0 , 96.2645
0.00393832 , 193.07 , 123.45 , -0.104215 , 0 , 96.286
0.00411672 , 192.41 , 121.47 , -0.103808 , 0 , 96.4017
0.00474832 , 190.63 , 119.42 , -0.103303 , 0 , 96.4195
0.00317648 , 188.8 , 117.4 , -0.100197 , 0 , 96.7983
0.00681664 , 188.05 , 114.98 , -0.100582 , 0 , 96.6968
0.00331024 , 186.08 , 113.02 , -0.0975378 , 0 , 97.4191
0.00641216 , 184.36 , 110.5 , -0.0960919 , 0 , 97.3629
0.00215952 , 182.53 , 108.08 , -0.0906104 , 0 , 98.029
0.00457472 , 181.72 , 106.04 , -0.087087 , 0 , 98.8252
0.00404952 , 179.67 , 105.06 , -0.0841787 , 0 , 100.446
0.00508672 , 178.09 , 103.48 , -0.0826356 , 0 , 101.226
0.00644016 , 176.06 , 101.65 , -0.0826587 , 0 , 101.567
0.00376152 , 174.52 , 99.77 , -0.0806737 , 0 , 102.122
0.00332368 , 173.11 , 97.78 , -0.0775839 , 0 , 102.537
0.00356976 , 171.8 , 96.16 , -0.0748065 , 0 , 103.178
0.00233712 , 170.44 , 94.67 , -0.0714942 , 0 , 103.799
0.00420272 , 168.9 , 92.62 , -0.0696216 , 0 , 103.52
0.00655376 , 167.76 , 90.19 , -0.0703428 , 0 , 102.692
0.00721592 , 165.62 , 89.13 , -0.0720829 , 0 , 102.906
0.00377744 , 163.24 , 86.8 , -0.0702705 , 0 , 102.141
0.0074932 , 161.34 , 85.29 , -0.0696887 , 0 , 101.935
0.00375848 , 158.43 , 83.03 , -0.0658917 , 0 , 101.169
0.00767896 , 156.92 , 81.35 , -0.0638808 , 0 , 100.59
0.00455648 , 154.12 , 79.33 , -0.0600998 , 0 , 99.7229
0.00830936 , 152.45 , 77.67 , -0.0583896 , 0 , 98.8588
0.00422312 , 149.17 , 75.37 , -0.0545596 , 0 , 97.501
0.0083016 , 147.18 , 74.24 , -0.0527618 , 0 , 96.9479
0.0046476 , 144.71 , 71.9 , -0.0497525 , 0 , 95.3904
0.00380784 , 142.76 , 70.73 , -0.0462189 , 0 , 94.891
0.0085996 , 140.97 , 69.56 , -0.0454698 , 0 , 93.9776
0.00826864 , 137.98 , 67.82 , -0.0451958 , 0 , 92.2842
0.00911944 , 134.27 , 66.28 , -0.0446428 , 0 , 90.6104
0.00792848 , 131.37 , 64.44 , -0.0430832 , 0 , 88.9116
0.00739208 , 127.81 , 63.06 , -0.0404981 , 0 , 87.6467
0.00717152 , 124.98 , 61.78 , -0.0375743 , 0 , 86.4652
0.00683584 , 121.92 , 61.15 , -0.0346063 , 0 , 85.7277
0.00774016 , 120.08 , 59.97 , -0.0323665 , 0 , 84.3012
0.0110902 , 116.47 , 58.61 , -0.0313569 , 0 , 82.2083
0.00281496 , 113.17 , 58.18 , -0.0282054 , 0 , 81.482
0.00826016 , 110.96 , 58.33 , -0.0262499 , 0 , 81.0439
0.00665368 , 109.07 , 57.48 , -0.024794 , 0 , 79.683
0.00738224 , 105.48 , 57.5 , -0.0234076 , 0 , 78.7666
0.00750552 , 102.75 , 56.73 , -0.0221491 , 0 , 77.1585
0.00654048 , 100.47 , 56.67 , -0.0208165 , 0 , 76.3494
0.00648664 , 98.1 , 56.82 , -0.0195271 , 0 , 75.7433
0.0112214 , 94.22 , 56.8 , -0.019009 , 0 , 74.5726
0.00281656 , 91.96 , 57.37 , -0.0173004 , 0 , 74.5835
0.00459832 , 89.93 , 57.2 , -0.015533 , 0 , 73.8874
0.00716592 , 87.96 , 57.58 , -0.0145456 , 0 , 73.6652
0.00807848 , 85.01 , 57.4 , -0.0138323 , 0 , 72.4935
0.00622576 , 82.81 , 58.3 , -0.0129763 , 0 , 72.5435
0.0103496 , 79.92 , 59.54 , -0.0125449 , 0 , 72.8043
0.00958528 , 76.97 , 60.17 , -0.0121348 , 0 , 72.5792
0.00528376 , 74.59 , 60.96 , -0.0111529 , 0 , 72.8744
0.005478 , 72.04 , 61.95 , -0.010087 , 0 , 73.5584
0.00773464 , 70.08 , 62.74 , -0.00936338 , 0 , 73.9569
0.00627376 , 67.9 , 64.58 , -0.00867784 , 0 , 75.2907
0.00999384 , 65.11 , 65.95 , -0.00823504 , 0 , 75.906
0.00681376 , 62.53 , 66.71 , -0.00765178 , 0 , 76.1673
0.00611944 , 59.7 , 68.6 , -0.00694412 , 0 , 77.6778
0.00621352 , 57.63 , 70.28 , -0.00631279 , 0 , 79.1178
0.006626 , 55.38 , 71.82 , -0.00576186 , 0 , 80.3221
0.00423528 , 53.74 , 73.63 , -0.0051744 , 0 , 81.9073
0.00703848 , 50.2 , 78.03 , -0.00471967 , 0 , 85.8928
0.0105577 , 47.72 , 80.23 , -0.0044561 , 0 , 87.519
0.00589984 , 45.68 , 82.45 , -0.00406566 , 0 , 89.3981
0.00721816 , 42.34 , 83.68 , -0.00363255 , 0 , 90.3048
0.00710824 , 41.45 , 85.89 , -0.00328141 , 0 , 92.4578
0.00785632 , 38.31 , 87.85 , -0.00295401 , 0 , 94.1018
0.00407048 , 36.69 , 89.37 , -0.00257629 , 0 , 95.5922
0.00795576 , 34.85 , 91.73 , -0.002289 , 0 , 97.786
0.00821912 , 32.5 , 95.14 , -0.00206843 , 0 , 101.001
0.00395056 , 31.34 , 97.35 , -0.00180611 , 0 , 103.212
0.0078344 , 29.05 , 100.2 , -0.00160271 , 0 , 105.948
0.00772552 , 27.01 , 102.56 , -0.00144109 , 0 , 108.227
0.00807984 , 24.52 , 106.14 , -0.00129449 , 0 , 111.687
0.00403032 , 23.29 , 107.77 , -0.00113553 , 0 , 113.478
0.00359136 , 22.16 , 109.64 , -0.000992 , 0 , 115.597
0.0039916 , 21.09 , 111.58 , -0.000883043 , 0 , 117.765
0.00739408 , 19.03 , 114.52 , -0.000811905 , 0 , 120.681
0.0043048 , 17.88 , 116.57 , -0.000745386 , 0 , 122.863
0.00366664 , 16.2 , 118.47 , -0.000680566 , 0 , 124.918
0.00404608 , 15.45 , 120.34 , -0.000632524 , 0 , 126.982
0.00402504 , 14.15 , 122.16 , -0.000595301 , 0 , 128.948
0.00339752 , 12.79 , 124.26 , -0.000564069 , 0 , 131.219
0.00404448 , 11.84 , 126.28 , -0.000541419 , 0 , 133.366
0.00716696 , 10.08 , 129.41 , -0.000533581 , 0 , 136.463
0.00748 , 7.99 , 132.82 , -0.000531375 , 0 , 139.853
0.0100853 , 6.05 , 134.12 , -0.000532091 , 0 , 140.958
0.0121498 , 4.27 , 130.36 , -0.000531524 , 0 , 136.834
0.00840256 , 3.47 , 127.99 , -0.00052014 , 0 , 134.483
0.223975 , 2.32 , 124.93 , -0.00181192 , 68.2667 , 113.873

