0.00120912 , 288.77 , 58.08 , -0.354753 , 0 , 106.281
0.00210984 , 293.34 , 58.48 , -0.260216 , 0 , 109.09
0.00302376 , 291.8 , 60.76 , -0.144725 , 0 , 102.439
0.00267048 , 289.85 , 59.66 , -0.0597803 , 0 , 90.7916
0.0026636 , 287.88 , 60.61 , -0.0209965 , 0.0969495 , 82.8375
0.00322584 , 286.31 , 61.93 , -0.00993204 , 14.5633 , 76.7831
0.00253448 , 284.03 , 62.82 , -0.00799939 , 15.9294 , 76.002
0.00177824 , 282.48 , 64.58 , -0.010121 , 11.5748 , 81.5959
0.00245856 , 280.25 , 65.25 , -0.0165433 , 7.63943 , 85.6058
0.00289248 , 278.25 , 65.53 , -0.02899 , 4.88983 , 89.2696
0.00293744 , 275.97 , 66.79 , -0.0480375 , 2.30652 , 95.5067
0.00313592 , 272.77 , 67.57 , -0.0699186 , 0 , 102.685
0.00317136 , 270.77 , 68.16 , -0.088104 , 0 , 110.161
0.003614 , 268.98 , 69.78 , -0.0980204 , 0 , 117.514
0.0028156 , 266.32 , 70.82 , -0.0958705 , 0 , 122.487
0.00210512 , 264.97 , 72.36 , -0.0862686 , 0 , 126.541
0.00246632 , 262.67 , 72.84 , -0.0747926 , 0 , 128.214
0.0034304 , 260.24 , 73.67 , -0.0659744 , 0 , 129.603
0.00291392 , 257.46 , 73.42 , -0.0591456 , 0 , 129.855
0.00225768 , 255.78 , 75.2 , -0.0548431 , 0 , 132.355
0.00080448 , 253.59 , 74.68 , -0.051064 , 0 , 132.738
0.0016132 , 253.93 , 76.72 , -0.0505895 , 0 , 135.782
0.00372352 , 251.66 , 76.85 , -0.0528104 , 0.0691644 , 136.338
0.002736 , 249.13 , 77.75 , -0.0552049 , 0 , 137.842
0.00254424 , 246.31 , 77.73 , -0.0562491 , 0 , 138.575
0.0021304 , 245.4 , 80.39 , -0.0571709 , 0 , 142.043
0.00294032 , 243.31 , 81.03 , -0.0577593 , 0 , 143.027
0.0025264 , 241.3 , 81.85 , -0.057547 , 0 , 144.125
0.00338296 , 239.51 , 82.88 , -0.0575776 , 0 , 145.24
0.00289384 , 237.28 , 84.32 , -0.0572239 , 0 , 146.598
0.0029484 , 235.92 , 85.93 , -0.0571265 , 0 , 148.117
0.00246232 , 233.64 , 86.14 , -0.0563541 , 0 , 148.211
0.00306312 , 231.96 , 87.84 , -0.0562393 , 0 , 149.75
0.00204824 , 230.1 , 89.21 , -0.0558109 , 0 , 150.861
0.00389224 , 228.17 , 90.17 , -0.056495 , 0 , 151.467
0.00226192 , 225.75 , 90.68 , -0.056219 , 0 , 151.722
0.0033712 , 224.7 , 93.01 , -0.057066 , 0 , 153.769
0.00316168 , 221.92 , 93.01 , -0.0573852 , 0 , 153.372
0.00289016 , 220.19 , 95.18 , -0.0576711 , 0 , 155.213
0.0045828 , 218.06 , 95.59 , -0.0587636 , 0 , 155.155
0.00267296 , 215.37 , 96.8 , -0.0584016 , 0 , 155.911
0.00241464 , 212.98 , 98.49 , -0.0570755 , 0 , 157.075
0.00314048 , 211.87 , 100.36 , -0.0567843 , 0 , 158.334
0.00233264 , 210.01 , 101.38 , -0.0564665 , 0 , 158.546
0.00357344 , 207.86 , 101.8 , -0.0568737 , 0 , 158.099
0.00305944 , 205.13 , 102.68 , -0.0570528 , 0 , 158.077
0.00088192 , 203.2 , 104.55 , -0.0558936 , 0 , 159.1
0.00344368 , 201.52 , 106.05 , -0.0562588 , 0 , 159.582
0.00273016 , 198.96 , 107.15 , -0.0566353 , 0 , 159.537
0.00390216 , 197.34 , 108.99 , -0.0580441 , 0 , 160.19
0.0023948 , 195.12 , 110.87 , -0.0587152 , 0 , 160.877
0.00240752 , 192.95 , 111.28 , -0.0585707 , 0 , 160.218
0.00226248 , 191.25 , 112.49 , -0.0582994 , 0 , 160.353
0.00244608 , 189.81 , 113.99 , -0.0584038 , 0 , 160.559
0.00225088 , 188.41 , 115.43 , -0.0587408 , 0 , 160.538
0.00356048 , 187.42 , 117.5 , -0.0605916 , 0 , 160.949
0.0023116 , 185.32 , 118.08 , -0.061596 , 0 , 159.756
0.0025792 , 182.81 , 118.34 , -0.0616699 , 0 , 158.145
0.0034344 , 181.9 , 120.87 , -0.0627877 , 0 , 158.491
0.00435776 , 179.9 , 122.77 , -0.0645348 , 0 , 157.526
0.0043288 , 177.2 , 123.79 , -0.0654794 , 0 , 155.248
0.00123736 , 175.27 , 126.06 , -0.0637597 , 0 , 153.923
0.00309088 , 173.57 , 127.61 , -0.0624824 , 0 , 151.227
0.00416152 , 171.66 , 129.6 , -0.0624101 , 0 , 148.247
0.00258936 , 169.65 , 130.84 , -0.0614377 , 0 , 144.158
0.00487352 , 168.27 , 132.4 , -0.0619784 , 0 , 140.132
0.00527752 , 165.58 , 132.43 , -0.0626304 , 0 , 134.668
0.00601336 , 163.4 , 133.05 , -0.0633597 , 0 , 130.096
0.00344232 , 160.3 , 130.81 , -0.0609316 , 0 , 123.742
0.00343656 , 159.03 , 129 , -0.0576846 , 0 , 119.049
0.00239328 , 157.82 , 126.95 , -0.0541221 , 0 , 115.258
0.002904 , 156.28 , 125.38 , -0.0512907 , 0 , 112.705
0.00262752 , 154.63 , 123.99 , -0.0491177 , 0 , 111.074
0.00611392 , 153.02 , 122.41 , -0.0493254 , 0 , 109.551
0.00722632 , 151.3 , 120.95 , -0.0510302 , 0 , 108.509
0.00293832 , 148.39 , 118.59 , -0.050006 , 0 , 107.352
0.00369128 , 146.71 , 116.26 , -0.0483335 , 0 , 106.796
0.0041476 , 145.24 , 114.29 , -0.0469897 , 0 , 106.961
0.00292304 , 143.48 , 113.22 , -0.0451998 , 0 , 108.097
0.00350192 , 141.48 , 111.69 , -0.0435111 , 0 , 108.736
0.0031388 , 140.01 , 110.18 , -0.0420069 , 0 , 109.515
0.00704576 , 138.2 , 108.64 , -0.0423155 , 0 , 109.824
0.00371488 , 136 , 106.05 , -0.0414906 , 0 , 109.356
0.00692544 , 133.52 , 104.13 , -0.0412439 , 0 , 109.173
0.00719016 , 130.94 , 101.79 , -0.0410749 , 0 , 108.577
0.003222 , 127.4 , 99.39 , -0.0385287 , 0 , 108.038
0.0028152 , 125.57 , 97.67 , -0.0354046 , 0 , 108.226
0.00711592 , 124.04 , 96.17 , -0.0341821 , 0 , 108.125
0.0076572 , 121.51 , 94.29 , -0.0336691 , 0 , 107.214
0.00580496 , 117.97 , 92.16 , -0.0322526 , 0 , 105.913
0.00285896 , 115.28 , 89.72 , -0.029617 , 0 , 104.619
0.00611824 , 113.37 , 88.95 , -0.0280407 , 0 , 104.669
0.00588088 , 110.93 , 87.21 , -0.0268531 , 0 , 103.502
0.0054456 , 108.55 , 85.68 , -0.0256051 , 0 , 102.335
0.0054788 , 105.83 , 84.23 , -0.0243568 , 0 , 101.162
0.00555752 , 103.46 , 83.38 , -0.0232296 , 0 , 100.514
0.00643296 , 100.71 , 81.14 , -0.0222226 , 0 , 98.3386
0.00592608 , 98.65 , 80.64 , -0.021283 , 0 , 97.8666
0.00559592 , 96.1 , 79.24 , -0.0202115 , 0 , 96.395
0.00535856 , 92.93 , 77.47 , -0.0189529 , 0 , 94.5368
0.00643624 , 90.37 , 76.63 , -0.0179073 , 0 , 93.5143
0.00640144 , 86.05 , 74.03 , -0.0166737 , 0 , 90.572
0.0022704 , 84 , 73.76 , -0.0149753 , 0 , 90.3027
0.00774576 , 80.86 , 72.61 , -0.0139249 , 0 , 88.6729
0.00513296 , 78.58 , 72.06 , -0.012938 , 0 , 87.7632
0.0048352 , 75.79 , 71.57 , -0.0118572 , 0 , 86.7141
0.00724792 , 73.68 , 70.52 , -0.0111237 , 0 , 85.0507
0.00655376 , 71.49 , 69.9 , -0.0104699 , 0 , 83.7552
0.00619808 , 68.27 , 69.66 , -0.00972554 , 0 , 82.7219
0.00589096 , 65.77 , 68.95 , -0.00894824 , 0 , 81.3382
0.00569232 , 63.19 , 68.74 , -0.00817773 , 0 , 80.4741
0.00646728 , 60.52 , 68.32 , -0.00747654 , 0 , 79.3218
0.0113871 , 58.68 , 66.18 , -0.00710309 , 0 , 76.1434
0.0100979 , 55.04 , 64.87 , -0.00667363 , 0 , 73.7318
0.00259424 , 51.66 , 65.75 , -0.00576997 , 0 , 74.1107
0.00330976 , 49.59 , 66.6 , -0.00489911 , 0 , 74.757
0.0082908 , 47.24 , 66.37 , -0.00436124 , 0 , 74.0206
0.0103954 , 44.43 , 66.95 , -0.00399393 , 0 , 73.7014
0.0108758 , 40.96 , 67.42 , -0.00363392 , 0 , 73.1669
0.00571128 , 38.32 , 67.99 , -0.00314027 , 0 , 73.3405
0.00658584 , 36.3 , 68.29 , -0.00267705 , 0 , 73.4557
0.00543896 , 34 , 68.7 , -0.00227556 , 0 , 73.822
0.00534112 , 31.15 , 69.16 , -0.00191566 , 0 , 74.1526
0.00572976 , 28.79 , 69.59 , -0.00161552 , 0 , 74.4974
0.0107481 , 25.26 , 70.33 , -0.00140315 , 0 , 74.8633
0.00674976 , 22.94 , 71.04 , -0.00119957 , 0 , 75.5441
0.00778808 , 20.6 , 71.74 , -0.00101617 , 0 , 76.2519
0.00723912 , 18.16 , 73.19 , -0.000868589 , 0 , 77.9159
0.00782416 , 15.42 , 74.38 , -0.00074628 , 0 , 79.2782
0.00751728 , 13.11 , 74.96 , -0.000645489 , 0 , 80.1004
0.0097716 , 11.26 , 76.01 , -0.000571191 , 0 , 81.3143
0.144151 , 9.23 , 76.11 , -0.001176 , 40.1413 , 71.9056
0.0150388 , 8.95 , 73.27 , -0.00135943 , 7.66197 , 69.5801

