0.00740048 , 293.13 , 60.69 , -0.400121 , 5.18945 , 108.463
0.00354216 , 290.06 , 63.58 , -0.312545 , 0 , 114.006
0.00341888 , 287.65 , 63.78 , -0.170383 , 0 , 107.053
0.00433248 , 287.01 , 65.79 , -0.0657687 , 0 , 98.7802
0.0020356 , 284.62 , 66.58 , -0.0187271 , 0 , 87.7621
0.00284744 , 283.15 , 68.07 , -0.00717378 , 14.924 , 79.8417
0.00380688 , 280.86 , 69.27 , -0.00540182 , 17.8016 , 79.6063
0.0039764 , 278.92 , 70.85 , -0.0070653 , 12.9069 , 85.4342
0.00091616 , 276.97 , 71.31 , -0.0117307 , 7.62768 , 89.05
0.0032392 , 275.91 , 73.3 , -0.0217895 , 5.22436 , 93.7259
0.00492424 , 274.07 , 74.37 , -0.0402054 , 2.93029 , 98.8339
0.0020908 , 272.44 , 77.05 , -0.0646431 , 0.15814 , 107.458
0.00304016 , 270.48 , 75.61 , -0.0881076 , 0 , 112.963
0.0035588 , 268.88 , 77.36 , -0.104791 , 0 , 121.275
0.00340216 , 267.8 , 79.46 , -0.110885 , 0 , 128.144
0.00402616 , 265.99 , 81.13 , -0.107919 , 0 , 132.688
0.00250544 , 263.88 , 81.1 , -0.0968597 , 0 , 134.581
0.00288096 , 261.72 , 82.38 , -0.0849237 , 0 , 137.037
0.00383848 , 260.07 , 84.42 , -0.0771606 , 0 , 139.78
0.00290472 , 257.9 , 84.61 , -0.0714354 , 0 , 140.677
0.002268 , 256.77 , 86.71 , -0.0684532 , 0 , 143.793
0.00287232 , 254.81 , 87.78 , -0.0679251 , 0 , 145.808
0.00539208 , 253.28 , 89.16 , -0.0717148 , 0 , 148.054
0.00228064 , 251.96 , 91.61 , -0.0751101 , 0 , 151.496
0.0034544 , 249.83 , 90.39 , -0.0772602 , 0 , 151.376
0.00211408 , 247.15 , 91.69 , -0.0768805 , 0 , 153.743
0.00284144 , 247.78 , 93.86 , -0.0779324 , 0 , 156.645
0.00357248 , 245.68 , 95.02 , -0.0793986 , 0 , 157.774
0.0041128 , 244.47 , 97.08 , -0.0822429 , 0 , 159.778
0.00181392 , 242.05 , 97.99 , -0.0821062 , 0 , 160.627
0.00470568 , 240.21 , 100.45 , -0.0839428 , 0 , 162.822
0.00292152 , 238.3 , 102.17 , -0.0846248 , 0 , 164.158
0.00357256 , 235.93 , 102.83 , -0.084174 , 0 , 164.285
0.0019984 , 235.44 , 105.45 , -0.0834363 , 0 , 166.469
0.00052992 , 235.22 , 107.88 , -0.0824158 , 0 , 168.168
0.00038768 , 233.98 , 105.72 , -0.0804887 , 0 , 165.314
0.00285624 , 231.97 , 104.82 , -0.0808604 , 0 , 163.498
0.001884 , 232.36 , 107.06 , -0.0837743 , 0 , 164.641
0.00364008 , 232.05 , 109.21 , -0.0902894 , 0 , 165.291
0.00378424 , 229.97 , 110.62 , -0.0974827 , 0 , 165.18
0.0014268 , 228.11 , 111.6 , -0.100438 , 0 , 164.781
0.00245744 , 228.02 , 114.33 , -0.103459 , 0 , 165.651
0.00204888 , 226.02 , 113.78 , -0.103391 , 0 , 162.287
0.0052948 , 224.15 , 114.58 , -0.105285 , 0 , 159.081
0.00284216 , 222.32 , 116.82 , -0.10463 , 0 , 155.977
0.0050808 , 221.28 , 120.36 , -0.106524 , 0 , 152.529
0.00210224 , 219.36 , 121.65 , -0.104771 , 0 , 145.81
0.00355888 , 217.8 , 123.1 , -0.10341 , 0 , 138.517
0.00354024 , 215.91 , 124.61 , -0.102141 , 0 , 131.168
0.00214176 , 214.18 , 125.77 , -0.098883 , 0 , 124.3
0.00348608 , 212.7 , 127.48 , -0.0970318 , 0 , 119.083
0.00325392 , 211.83 , 129.54 , -0.0967015 , 0 , 115.491
0.00321288 , 210.2 , 131.79 , -0.0971196 , 0 , 112.965
0.00159712 , 208 , 133.71 , -0.0956925 , 0 , 111.042
0.00486048 , 206.88 , 135.97 , -0.0981838 , 0 , 109.788
0.0040544 , 204.61 , 136.15 , -0.100068 , 0 , 107.143
0.00269992 , 203.18 , 132.72 , -0.0985656 , 0 , 102.393
0.00550752 , 203.07 , 130.57 , -0.100084 , 0 , 99.715
0.0022068 , 201.61 , 128.65 , -0.0983008 , 0 , 98.0952
0.0014612 , 200.25 , 126.67 , -0.0941743 , 0 , 96.9721
0.00388608 , 200.52 , 124.31 , -0.0935519 , 0 , 95.9366
0.0040764 , 198.63 , 122.74 , -0.0940521 , 0 , 95.7113
0.0027364 , 197.93 , 120.78 , -0.0936443 , 0 , 95.6533
0.00600408 , 197.25 , 118.77 , -0.0966565 , 0 , 95.529
0.00346128 , 195.4 , 117.44 , -0.0972596 , 0 , 96.4038
0.00289144 , 193.05 , 116 , -0.0947839 , 0 , 97.2269
0.00430512 , 193.02 , 113.94 , -0.0936027 , 0 , 97.7745
0.0047748 , 191.16 , 112.18 , -0.0926806 , 0 , 98.4644
0.00270256 , 189.69 , 110.64 , -0.0894601 , 0 , 99.6401
0.0024872 , 189.18 , 108.63 , -0.0859867 , 0 , 100.561
0.00612696 , 187.8 , 107.07 , -0.0864117 , 0 , 101.487
0.00329472 , 186.86 , 104.68 , -0.0855266 , 0 , 101.999
0.00793088 , 185.01 , 103.81 , -0.0882522 , 0 , 103.312
0.00169224 , 183.23 , 101.8 , -0.0853703 , 0 , 104.201
0.0079924 , 182.79 , 99.5 , -0.0865838 , 0 , 104.32
0.00485504 , 180.01 , 98.02 , -0.085197 , 0 , 105.293
0.0097152 , 178.09 , 95.48 , -0.086269 , 0 , 104.776
0.0057196 , 176.1 , 94.01 , -0.0839143 , 0 , 105.677
0.00812248 , 174.11 , 91.03 , -0.0814508 , 0 , 104.867
0.00965248 , 171.54 , 89.3 , -0.0800392 , 0 , 105.1
0.00297464 , 168.67 , 86.42 , -0.0722673 , 0 , 104.59
0.00699872 , 167.08 , 84.35 , -0.0667953 , 0 , 104.489
0.00913432 , 165.56 , 82.9 , -0.065012 , 0 , 104.614
0.00424632 , 163.03 , 80.81 , -0.0608746 , 0 , 104.061
0.00372016 , 161.28 , 79.59 , -0.0564536 , 0 , 104.307
0.00590232 , 159.87 , 78.17 , -0.0543887 , 0 , 104.096
0.0106338 , 158.07 , 77.29 , -0.0563568 , 0 , 103.772
0.0057092 , 155.2 , 75.23 , -0.0559069 , 0 , 102.465
0.0060472 , 153.35 , 73.9 , -0.0543655 , 0 , 101.989
0.006094 , 151.53 , 72.78 , -0.0526308 , 0 , 101.732
0.00637848 , 149.19 , 71.52 , -0.050639 , 0 , 101.047
0.0107853 , 147.32 , 70.41 , -0.0509312 , 0 , 100.092
0.00566416 , 143.71 , 68.14 , -0.0482646 , 0 , 98.1495
0.00827792 , 141.62 , 67.11 , -0.0459003 , 0 , 97.3503
0.0116881 , 139.68 , 66.22 , -0.04573 , 0 , 96.4163
0.00601248 , 135.64 , 65.3 , -0.0427326 , 0 , 95.4435
0.0118054 , 133.52 , 64.54 , -0.0414646 , 0 , 94.3998
0.010321 , 129.26 , 63.54 , -0.0398296 , 0 , 93.0263
0.009692 , 125.61 , 63.1 , -0.0373172 , 0 , 92.1414
0.00550216 , 122.36 , 62.79 , -0.0331853 , 0 , 91.6755
0.00802984 , 120.31 , 62.37 , -0.0300979 , 0 , 90.9136
0.00847432 , 117.19 , 61.96 , -0.0279144 , 0 , 89.8125
0.00949712 , 114.99 , 62.11 , -0.0265777 , 0 , 89.0132
0.00377648 , 112.02 , 62.43 , -0.0241359 , 0 , 88.647
0.00873272 , 109.82 , 62.47 , -0.0227846 , 0 , 87.8422
0.00667792 , 107.36 , 63.07 , -0.0216832 , 0 , 87.6426
0.00644792 , 105.16 , 63.91 , -0.02055 , 0 , 87.5728
0.00661144 , 102.87 , 63.75 , -0.0195214 , 0 , 86.6139
0.00625576 , 100.7 , 64.87 , -0.018569 , 0 , 86.9844
0.013889 , 97.69 , 65.16 , -0.0189264 , 0 , 86.0287
0.00568984 , 94.45 , 66.53 , -0.0180903 , 0 , 86.6174
0.00674576 , 92.28 , 67.08 , -0.0167774 , 0 , 86.6341
0.00667008 , 90.6 , 68.35 , -0.0157219 , 0 , 87.6203
0.00662232 , 88.4 , 69.2 , -0.0147328 , 0 , 87.9534
0.010491 , 86.56 , 70.82 , -0.014411 , 0 , 88.7793
0.00634408 , 83.58 , 72.7 , -0.013686 , 0 , 89.9842
0.00662312 , 81.4 , 73.66 , -0.0127667 , 0 , 90.4591
0.00510848 , 79.08 , 74.93 , -0.0117849 , 0 , 91.4557
0.00993712 , 77.29 , 76.51 , -0.0113865 , 0 , 92.4319
0.0075256 , 75.5 , 78.94 , -0.0110201 , 0 , 94.243
0.00675936 , 73.46 , 80.27 , -0.0104438 , 0 , 95.0124
0.006804 , 70.9 , 81.94 , -0.00985521 , 0 , 96.297
0.00662312 , 68.94 , 84.38 , -0.0093132 , 0 , 98.3779
0.00623656 , 67.2 , 86.65 , -0.00879067 , 0 , 100.255
0.00631128 , 64.48 , 88.25 , -0.00824416 , 0 , 101.41
0.00258872 , 63.09 , 90.44 , -0.0075081 , 0 , 103.445
0.00979904 , 61.75 , 92.01 , -0.00723737 , 0 , 104.5
0.00597928 , 60.77 , 94.32 , -0.00698051 , 0 , 106.386
0.0055196 , 59.05 , 97.43 , -0.00660136 , 0 , 109.014
0.0059852 , 57.01 , 98.84 , -0.00624478 , 0 , 110.089
0.00574784 , 54.57 , 101.8 , -0.00588813 , 0 , 112.715
0.00730848 , 52.42 , 103.36 , -0.00558263 , 0 , 113.827
0.00598952 , 51.14 , 107.03 , -0.00528109 , 0 , 117.19
0.00647928 , 49.5 , 108.31 , -0.00496078 , 0 , 118.114
0.0031004 , 48.59 , 110.85 , -0.0045566 , 0 , 120.612
0.00746936 , 47.51 , 112.9 , -0.00430506 , 0 , 122.369
0.00675896 , 45.16 , 114.71 , -0.00408319 , 0 , 123.809
0.00300904 , 43.66 , 117.87 , -0.00373194 , 0 , 126.815
0.00649176 , 42.13 , 119.52 , -0.0034599 , 0 , 128.22
0.00702992 , 40.72 , 122.46 , -0.00326955 , 0 , 130.927
0.00351144 , 39.03 , 125.59 , -0.00299776 , 0 , 133.921
0.00602856 , 37.57 , 127.04 , -0.00276074 , 0 , 135.18
0.00282752 , 35.84 , 130.55 , -0.00251344 , 0 , 138.757
0.0126106 , 34.73 , 132.53 , -0.00243363 , 0 , 140.204
0.0080544 , 31.64 , 132.82 , -0.00230598 , 0 , 140.116
0.00355584 , 29.36 , 129.28 , -0.00202176 , 0 , 136.464
0.00794464 , 28.31 , 127.28 , -0.0018132 , 0 , 134.405
0.0085264 , 26.87 , 125.1 , -0.00165343 , 0 , 132.016
0.00427264 , 24.48 , 122.06 , -0.00144547 , 0 , 128.858
0.00494976 , 23.03 , 120.13 , -0.0012579 , 0 , 126.907
0.00907928 , 21.61 , 117.46 , -0.00113288 , 0 , 123.985
0.00532696 , 19.71 , 114.76 , -0.00100514 , 0 , 121.205
0.00498472 , 18.11 , 112.79 , -0.000883698 , 0 , 119.201
0.0052244 , 16.63 , 111.03 , -0.000787467 , 0 , 117.447
0.0054152 , 15.35 , 109.15 , -0.000709474 , 0 , 115.543
0.014717 , 13.85 , 107.36 , -0.000677258 , 0 , 113.187
0.0251282 , 12.14 , 104 , -0.000693142 , 0 , 108.665

