0.00122584 , 285.09 , 45.91 , -0.332394 , 0 , 95.6296
0.00433376 , 287.6 , 44.12 , -0.231553 , 0 , 95.9302
0.00374424 , 285.63 , 45.48 , -0.118408 , 0 , 87.9426
0.00149208 , 283.02 , 44.94 , -0.0416447 , 0 , 77.4478
0.00253832 , 281.35 , 46.07 , -0.0129815 , 0 , 70.8663
0.00403888 , 279.13 , 46.27 , -0.00609064 , 17.3162 , 65.0455
0.00218376 , 277.15 , 47.17 , -0.00523165 , 18.1211 , 65.8797
0.00359568 , 275.37 , 48.62 , -0.00721473 , 13.5714 , 70.9955
0.0031196 , 273.37 , 48.17 , -0.0123998 , 9.40699 , 73.2637
0.00399664 , 271.63 , 49.66 , -0.0226657 , 6.25885 , 77.517
0.002256 , 269.47 , 50.59 , -0.0378812 , 2.43362 , 82.961
0.0027892 , 267.47 , 50.82 , -0.0555631 , 0 , 89.2389
0.00376216 , 265.68 , 52.18 , -0.0719723 , 0 , 96.835
0.0003788 , 263.67 , 52.25 , -0.077399 , 0 , 102.37
0.003498 , 261.57 , 52.5 , -0.0755648 , 0 , 106.338
0.00385032 , 259.63 , 53.47 , -0.0699868 , 0 , 109.422
0.00282432 , 257.48 , 53.95 , -0.0620121 , 0 , 110.839
0.00414336 , 254.95 , 54.43 , -0.0553384 , 0 , 111.861
0.00233568 , 253.4 , 55.96 , -0.0501172 , 0 , 114.114
0.00417824 , 251.32 , 56.84 , -0.0475754 , 0 , 115.515
0.00341824 , 249.03 , 58.32 , -0.046417 , 0 , 117.703
0.00344336 , 246.62 , 58.86 , -0.0457352 , 0 , 119.056
0.00256776 , 244.85 , 59.9 , -0.0450826 , 0 , 121.095
0.0018384 , 242.68 , 59.69 , -0.0437217 , 0 , 121.804
0.00482984 , 240.9 , 60.66 , -0.0440618 , 0 , 123.338
0.00429304 , 238.87 , 61.81 , -0.0448909 , 0 , 124.816
0.00384512 , 236.23 , 62.02 , -0.0448487 , 0 , 125.352
0.00156704 , 234.94 , 63.58 , -0.0436238 , 0 , 127.491
0.0033236 , 233.28 , 65.4 , -0.0431235 , 0 , 129.458
0.003602 , 231.03 , 65.75 , -0.0429253 , 0 , 129.762
0.00444264 , 229.52 , 67.28 , -0.0435989 , 0 , 131.203
0.00378584 , 227.43 , 68.03 , -0.0440584 , 0 , 131.915
0.0031988 , 224.73 , 69.62 , -0.0437472 , 0 , 133.523
0.00444792 , 222.43 , 70.42 , -0.0436036 , 0 , 134.35
0.00247712 , 220.33 , 71.73 , -0.0425346 , 0 , 135.698
0.00478248 , 218.48 , 73.04 , -0.0423626 , 0 , 136.853
0.00541384 , 215.89 , 73.98 , -0.0427967 , 0 , 137.537
0.00405224 , 213.66 , 75.78 , -0.0427134 , 0 , 139.186
0.003372 , 211.04 , 76.33 , -0.0416518 , 0 , 139.698
0.00248712 , 209.19 , 78.97 , -0.0403675 , 0 , 142.287
0.00334128 , 206.4 , 80.39 , -0.0392927 , 0 , 143.347
0.00253336 , 204.68 , 81.88 , -0.0383862 , 0 , 144.528
0.00428672 , 202.53 , 82.91 , -0.0384609 , 0 , 145.118
0.00442616 , 199.45 , 83.18 , -0.0387124 , 0 , 144.981
0.00420368 , 198.13 , 86.43 , -0.0395931 , 0 , 147.936
0.00184312 , 196.44 , 88.32 , -0.0396149 , 0 , 149.616
0.00413144 , 194.11 , 88.85 , -0.0400362 , 0 , 149.96
0.0038864 , 191.96 , 90.02 , -0.0406717 , 0 , 150.934
0.00163056 , 189.71 , 91.37 , -0.0400721 , 0 , 152.036
0.0038132 , 187.38 , 92.98 , -0.0399841 , 0 , 153.244
0.00659608 , 186.72 , 95.59 , -0.0423337 , 0 , 155.337
0.00464832 , 184.35 , 95.88 , -0.0440718 , 0 , 155.114
0.00116504 , 181.91 , 98.25 , -0.0434519 , 0 , 157.225
0.00304208 , 180.86 , 100.21 , -0.0433614 , 0 , 158.901
0.00512256 , 178.95 , 101.17 , -0.0446246 , 0 , 159.223
0.00506816 , 176.6 , 101.49 , -0.0459462 , 0 , 158.762
0.0056548 , 173.58 , 103.56 , -0.0471646 , 0 , 159.927
0.00187288 , 171.33 , 107.22 , -0.0464824 , 0 , 162.742
0.00521272 , 169.38 , 109.09 , -0.0467189 , 0 , 163.606
0.00235448 , 166.97 , 110.08 , -0.0458686 , 0 , 163.55
0.00276744 , 164.86 , 111.4 , -0.0448032 , 0 , 163.632
0.00518024 , 163.27 , 112.91 , -0.0454298 , 0 , 163.696
0.00296208 , 161.22 , 115.43 , -0.0457667 , 0 , 164.596
0.00310608 , 159.44 , 117.09 , -0.0459564 , 0 , 164.673
0.00603944 , 157.59 , 118.54 , -0.0477172 , 0 , 164.511
0.00254936 , 155.16 , 120.84 , -0.0480388 , 0 , 165.189
0.00219376 , 153.07 , 122.85 , -0.0472642 , 0 , 165.608
0.00239624 , 151.45 , 124.18 , -0.0464253 , 0 , 165.409
0.00331368 , 150.15 , 125.78 , -0.0462989 , 0 , 165.289
0.00591648 , 148.48 , 127.68 , -0.0478016 , 0 , 165.106
0.00289624 , 145.44 , 130.3 , -0.047858 , 0 , 165.44
0.00389528 , 143.64 , 132.06 , -0.0476739 , 0 , 164.857
0.00591312 , 141.81 , 132.98 , -0.0484082 , 0 , 163.148
0.00709192 , 139.45 , 131.39 , -0.0492489 , 0 , 158.593
0.00290664 , 137.55 , 128.77 , -0.047306 , 0 , 153.146
0.00323328 , 135.92 , 127.27 , -0.0446118 , 0 , 148.717
0.00303304 , 134.68 , 125.67 , -0.0420619 , 0 , 144.194
0.00328072 , 133.53 , 123.73 , -0.0399355 , 0 , 139.416
0.0068192 , 131.84 , 122.12 , -0.0395412 , 0 , 135.022
0.00320432 , 130.05 , 119.44 , -0.038142 , 0 , 130.373
0.0031016 , 128.38 , 118.06 , -0.0364249 , 0 , 127.6
0.00265656 , 126.74 , 116.59 , -0.0347688 , 0 , 125.367
0.00646712 , 126.42 , 114.08 , -0.0347778 , 0 , 122.431
0.00611448 , 123.42 , 112.67 , -0.0348833 , 0 , 120.734
0.00593336 , 121.36 , 109.12 , -0.0344185 , 0 , 117.474
0.00669696 , 119.71 , 107.68 , -0.0340911 , 0 , 116.648
0.00579784 , 116.71 , 104.37 , -0.0329314 , 0 , 114.252
0.00218008 , 114.53 , 101.73 , -0.0302848 , 0 , 113.048
0.0071152 , 112.84 , 99.93 , -0.0289614 , 0 , 112.395
0.00754824 , 111.43 , 97.75 , -0.0284273 , 0 , 111.27
0.00402232 , 108.63 , 94.98 , -0.0267802 , 0 , 109.549
0.00642928 , 106.63 , 93.49 , -0.0255781 , 0 , 108.967
0.00540808 , 104.48 , 91.46 , -0.0244104 , 0 , 107.822
0.00632 , 102.07 , 89.07 , -0.0233293 , 0 , 106.046
0.00610232 , 99.95 , 87.07 , -0.0223046 , 0 , 104.575
0.00616856 , 97.13 , 85.36 , -0.0212086 , 0 , 103.18
0.006458 , 94.83 , 83.68 , -0.0201701 , 0 , 101.722
0.00225856 , 92.87 , 82.21 , -0.0184651 , 0 , 100.639
0.00779664 , 91.14 , 81.01 , -0.0176497 , 0 , 99.3604
0.00725344 , 89.25 , 79.29 , -0.0171495 , 0 , 97.4523
0.00635744 , 87.14 , 77.25 , -0.0164018 , 0 , 95.0773
0.0049912 , 83.38 , 75.48 , -0.0152247 , 0 , 93.0129
0.0054592 , 81.62 , 73.66 , -0.0140972 , 0 , 90.9992
0.00594664 , 79.64 , 72.96 , -0.0131781 , 0 , 89.9166
0.00507576 , 77.46 , 71.92 , -0.0122251 , 0 , 88.3752
0.00674 , 74.62 , 71.22 , -0.0114243 , 0 , 86.9767
0.0108002 , 72.94 , 69.98 , -0.0111375 , 0 , 84.81
0.00719312 , 69.96 , 68.16 , -0.0105174 , 0 , 82.1376
0.0076984 , 67.65 , 67.33 , -0.00976509 , 0 , 80.5336
0.00718512 , 64.57 , 66.14 , -0.00895649 , 0 , 78.672
0.00572584 , 61.92 , 64.75 , -0.00801265 , 0 , 76.6875
0.0130402 , 59.09 , 64.17 , -0.00756243 , 0 , 75.0148
0.0106491 , 56.1 , 62.24 , -0.00706461 , 0 , 72.0281
0.00573152 , 52.71 , 61.49 , -0.00615263 , 0 , 70.5758
0.00343288 , 50.57 , 61.8 , -0.00517714 , 0 , 70.6795
0.00841176 , 48.48 , 62.19 , -0.00454187 , 0 , 70.5608
0.00841448 , 45.48 , 61.89 , -0.00403494 , 0 , 69.4999
0.0125632 , 42.9 , 62 , -0.00367168 , 0 , 68.5501
0.0062296 , 40.67 , 61.2 , -0.00319213 , 0 , 67.2131
0.00711928 , 38.42 , 61.14 , -0.00271803 , 0 , 66.7517
0.00697216 , 36.22 , 61.28 , -0.00232941 , 0 , 66.6461
0.0124165 , 34.06 , 61.48 , -0.00207201 , 0 , 66.1974
0.00682136 , 30.15 , 62.47 , -0.00177792 , 0 , 66.8331
0.0064348 , 27.52 , 62.69 , -0.00147662 , 0 , 66.9174
0.0063556 , 25.22 , 63.2 , -0.00123334 , 0 , 67.5312
0.00660632 , 22.55 , 63.66 , -0.00103354 , 0 , 68.0559
0.00582552 , 20.4 , 64.37 , -0.000868469 , 0 , 68.9246
0.0124393 , 18.37 , 64.87 , -0.000764012 , 0 , 69.2337
0.0065432 , 14.44 , 66.29 , -0.000661373 , 0 , 70.819
0.0302346 , 12.36 , 67.11 , -0.000644654 , 0 , 70.5134

