0.00361472 , 294.4 , 65.26 , -0.390661 , 5.29792 , 112.955
0.00385816 , 292.52 , 66.75 , -0.302802 , 0 , 116.245
0.00360472 , 290.62 , 67.77 , -0.171653 , 0 , 109.939
0.00486192 , 288.27 , 69.54 , -0.0707904 , 0 , 100.782
0.00419904 , 286.84 , 71.26 , -0.0231661 , 0 , 91.7955
0.00171656 , 285.27 , 72.75 , -0.00939536 , 13.4557 , 83.8903
0.00214432 , 283.15 , 73.04 , -0.0067533 , 15.8351 , 82.189
0.00255456 , 281.29 , 74.1 , -0.00822476 , 11.692 , 87.4995
0.002292 , 279.36 , 76.17 , -0.0134856 , 7.64839 , 92.7454
0.00283336 , 277.96 , 78.29 , -0.0245767 , 4.92124 , 97.5907
0.00445488 , 276.12 , 79.12 , -0.0442189 , 2.59787 , 102.709
0.00289384 , 273.58 , 79.94 , -0.069601 , 0 , 109.774
0.00222032 , 273.62 , 82.12 , -0.0953712 , 0 , 119.277
0.00271656 , 271.77 , 83.03 , -0.113269 , 0 , 126.59
0.00262456 , 269.88 , 84.51 , -0.118618 , 0 , 132.989
0.00191032 , 269.22 , 86.56 , -0.113838 , 0 , 138.281
0.00276056 , 267.18 , 85.63 , -0.103508 , 0 , 139.194
0.00223496 , 265.85 , 87.47 , -0.0936971 , 0 , 142.327
0.00157336 , 264.23 , 88.65 , -0.0856196 , 0 , 144.392
0.00294528 , 262.16 , 89.16 , -0.081439 , 0 , 145.825
0.00379256 , 260.44 , 90.21 , -0.0815815 , 0 , 147.939
0.0036444 , 259.69 , 92.52 , -0.0853313 , 0 , 151.384
0.00219544 , 258.08 , 93.73 , -0.0885893 , 0 , 153.871
0.0023944 , 256.76 , 95.84 , -0.0919914 , 0 , 157.305
0.003216 , 255.55 , 97.68 , -0.0964663 , 0 , 160.142
0.00256552 , 253.92 , 99.6 , -0.0997513 , 0 , 162.686
0.00238664 , 251.76 , 100.62 , -0.100418 , 0 , 164.094
0.0007532 , 249.78 , 100.3 , -0.0965009 , 0 , 164.16
0.00365408 , 249.98 , 102.75 , -0.0971954 , 0 , 166.478
0.0028444 , 248.23 , 104.31 , -0.0987883 , 0 , 167.199
0.00145192 , 246.18 , 103.92 , -0.0976236 , 0 , 166.127
0.00139072 , 244.36 , 104.9 , -0.0956301 , 0 , 166.437
0.002898 , 245.28 , 107.03 , -0.0985304 , 0 , 167.602
0.00191544 , 243.42 , 108.09 , -0.101343 , 0 , 166.981
0.00221816 , 241.42 , 107.77 , -0.10302 , 0 , 164.966
0.00346192 , 239.89 , 109.69 , -0.106298 , 0 , 164.708
0.00129768 , 239.04 , 111.63 , -0.10751 , 0 , 163.734
0.00283608 , 236.84 , 111.99 , -0.107804 , 0 , 160.127
0.00235232 , 236.59 , 115.04 , -0.109333 , 0 , 158.149
0.00273152 , 234.61 , 115.6 , -0.1102 , 0 , 152.147
0.00376688 , 232.92 , 117.09 , -0.111987 , 0 , 146.009
0.00271072 , 232.22 , 119.94 , -0.113746 , 0 , 140.369
0.00170128 , 232.04 , 122.54 , -0.114722 , 0 , 134.159
0.00178008 , 229.93 , 121.74 , -0.112944 , 0 , 125.25
0.0032456 , 229.15 , 124.2 , -0.113502 , 0 , 120.545
0.00297976 , 227.08 , 124.91 , -0.113019 , 0 , 115.265
0.00304936 , 225.29 , 126.3 , -0.111756 , 0 , 112.046
0.00288688 , 224.1 , 128.79 , -0.110941 , 0 , 110.898
0.0015028 , 221.87 , 129.34 , -0.107488 , 0 , 108.742
0.00216192 , 221.67 , 131.43 , -0.106313 , 0 , 108.746
0.0034636 , 219.52 , 132.98 , -0.107514 , 0 , 108.153
0.00322232 , 217.66 , 134.01 , -0.10914 , 0 , 107.448
0.00194296 , 215.95 , 135.66 , -0.109274 , 0 , 107.657
0.0038232 , 215.35 , 137.95 , -0.112472 , 0 , 108.373
0.00228808 , 213.7 , 136.48 , -0.113113 , 0 , 105.975
0.00398784 , 212.66 , 133.68 , -0.114228 , 0 , 102.953
0.00279856 , 211.88 , 131.34 , -0.113879 , 0 , 101.207
0.0035024 , 210.49 , 129.87 , -0.113298 , 0 , 100.49
0.00306544 , 209.82 , 127.78 , -0.112165 , 0 , 99.7051
0.00353768 , 208.58 , 125.48 , -0.111063 , 0 , 98.9601
0.00371976 , 208.07 , 122.78 , -0.110587 , 0 , 98.276
0.00282672 , 205.55 , 122.01 , -0.108293 , 0 , 99.344
0.00275952 , 203.31 , 120.8 , -0.104682 , 0 , 100.016
0.00243008 , 202.77 , 118.86 , -0.101294 , 0 , 100.339
0.00121624 , 203.9 , 117.1 , -0.09896 , 0 , 101.2
0.00561792 , 201.47 , 115.69 , -0.101288 , 0 , 101.519
0.00316008 , 199.57 , 113.74 , -0.101847 , 0 , 101.785
0.00921312 , 198.12 , 110.92 , -0.107892 , 0 , 100.888
0.00376528 , 195.59 , 109.45 , -0.10745 , 0 , 101.941
0.00330552 , 193.95 , 107.15 , -0.102371 , 0 , 102.354
0.002564 , 193.47 , 104.27 , -0.0957017 , 0 , 102.612
0.00324792 , 191.96 , 102.11 , -0.0898373 , 0 , 103.246
0.00598672 , 189.85 , 102.59 , -0.0880735 , 0 , 105.694
0.00293288 , 188.95 , 100.57 , -0.0853122 , 0 , 106.064
0.00209496 , 187.99 , 98.2 , -0.082015 , 0 , 106.263
0.0052252 , 187.05 , 96 , -0.082357 , 0 , 106.423
0.00865872 , 185.5 , 94.41 , -0.0872642 , 0 , 106.735
0.00428424 , 183.57 , 91.5 , -0.0879111 , 0 , 106.174
0.00393312 , 181.56 , 90.13 , -0.0853825 , 0 , 107.123
0.00513688 , 179.91 , 87.74 , -0.0823931 , 0 , 107.001
0.00438752 , 178.04 , 85.92 , -0.0782627 , 0 , 107.212
0.00475664 , 176.42 , 83.87 , -0.0741769 , 0 , 106.934
0.00373976 , 174.98 , 82.33 , -0.0700061 , 0 , 107.063
0.00507792 , 172.83 , 81.09 , -0.0672287 , 0 , 107.096
0.00486616 , 171.13 , 79.33 , -0.0652302 , 0 , 106.571
0.00854816 , 168.94 , 78.28 , -0.0662168 , 0 , 106.311
0.00782016 , 166.76 , 76.63 , -0.0672998 , 0 , 105.526
0.00662744 , 164.52 , 74.72 , -0.0665091 , 0 , 104.621
0.0086008 , 162.26 , 71.98 , -0.0656109 , 0 , 102.891
0.00797904 , 158.76 , 70.02 , -0.0630911 , 0 , 101.78
0.0087572 , 156.26 , 68.13 , -0.0600461 , 0 , 100.583
0.00941 , 152.52 , 66.4 , -0.0565978 , 0 , 99.232
0.00418 , 150.19 , 64.55 , -0.0502439 , 0 , 98.0406
0.0086696 , 147.67 , 63.88 , -0.04632 , 0 , 97.4332
0.00502912 , 144.68 , 62.29 , -0.042031 , 0 , 95.8374
0.0101682 , 143.03 , 60.88 , -0.0405757 , 0 , 93.9581
0.00478032 , 139.43 , 58.77 , -0.0377685 , 0 , 91.5011
0.00814296 , 137.24 , 57.85 , -0.0360501 , 0 , 90.0532
0.00928128 , 133.76 , 56.9 , -0.0352167 , 0 , 88.3723
0.00497712 , 130.64 , 56.01 , -0.0327799 , 0 , 86.9285
0.00382752 , 128.63 , 55.13 , -0.0297006 , 0 , 85.6809
0.0055148 , 126.68 , 54.64 , -0.0275082 , 0 , 84.6312
0.00746736 , 123.31 , 54.07 , -0.0261577 , 0 , 83.0336
0.00722112 , 121.2 , 54.13 , -0.0251404 , 0 , 82.046
0.00702 , 118.12 , 54.11 , -0.0240194 , 0 , 81.0006
0.0049632 , 115.57 , 53.44 , -0.0223422 , 0 , 79.6504
0.00451632 , 113.07 , 53.04 , -0.0205049 , 0 , 78.6709
0.00894216 , 110.89 , 53.75 , -0.0197894 , 0 , 78.4957
0.00909648 , 107.73 , 53.65 , -0.0193416 , 0 , 77.3326
0.00634408 , 104.97 , 53.12 , -0.0181876 , 0 , 76.0538
0.00468448 , 102.84 , 52.78 , -0.016603 , 0 , 75.359
0.00937472 , 100.32 , 53.07 , -0.01582 , 0 , 75.0641
0.00854176 , 97.6 , 53.62 , -0.0152075 , 0 , 74.8913
0.00534152 , 94.93 , 54.93 , -0.0140682 , 0 , 75.6248
0.00802576 , 91.69 , 54.63 , -0.0130862 , 0 , 74.8149
0.00516672 , 89.26 , 55.47 , -0.0119933 , 0 , 75.3394
0.00588264 , 87.09 , 56.2 , -0.0109939 , 0 , 75.6236
0.0125672 , 84.94 , 57.84 , -0.0108771 , 0 , 76.4918
0.00569632 , 80.92 , 59.15 , -0.010224 , 0 , 77.1119
0.00670896 , 78.66 , 60.24 , -0.00939032 , 0 , 77.7719
0.004604 , 76.2 , 60.92 , -0.00852916 , 0 , 78.2596
0.00557432 , 73.97 , 62.67 , -0.00779274 , 0 , 79.6271
0.00903696 , 71.93 , 63.19 , -0.00740427 , 0 , 79.5144
0.00527672 , 69.57 , 65.26 , -0.00689715 , 0 , 80.9809
0.00535592 , 67.3 , 67.05 , -0.00633404 , 0 , 82.2299
0.00483584 , 64.91 , 68.64 , -0.00580874 , 0 , 83.3899
0.0082044 , 62.98 , 70.12 , -0.00548655 , 0 , 84.2552
0.00583392 , 60.36 , 71.3 , -0.00511351 , 0 , 84.7938
0.00592344 , 59.33 , 73.47 , -0.0047437 , 0 , 86.4245
0.00465488 , 56.93 , 75.38 , -0.0043577 , 0 , 87.8315
0.00620192 , 55.27 , 77.38 , -0.00403875 , 0 , 89.3023
0.00727488 , 53.29 , 78.77 , -0.00379047 , 0 , 90.067
0.00575872 , 51.04 , 79.31 , -0.0034886 , 0 , 90.0078
0.00583504 , 49.35 , 82.98 , -0.00320873 , 0 , 93.1921
0.00625568 , 46.77 , 85.33 , -0.00294879 , 0 , 94.9858
0.00774248 , 44.96 , 86.96 , -0.00272882 , 0 , 96.0579
0.0077524 , 42.39 , 89.02 , -0.00251818 , 0 , 97.5526
0.00322624 , 40.16 , 91.09 , -0.00222635 , 0 , 99.3081
0.00642296 , 38.4 , 92.99 , -0.00198767 , 0 , 100.873
0.0073176 , 36.13 , 96.25 , -0.00181234 , 0 , 103.754
0.00657448 , 33.34 , 99.06 , -0.00163236 , 0 , 106.132
0.00631344 , 31.99 , 101.04 , -0.00146285 , 0 , 107.833
0.00303288 , 29.15 , 104.17 , -0.00128186 , 0 , 110.881
0.00344184 , 27.67 , 106.28 , -0.00112274 , 0 , 112.96
0.00631776 , 26.66 , 108.33 , -0.00101727 , 0 , 114.862
0.00374464 , 24.02 , 110.96 , -0.00091657 , 0 , 117.397
0.00618008 , 23.25 , 113.37 , -0.000839949 , 0 , 119.67
0.00646984 , 20.93 , 115.25 , -0.00078088 , 0 , 121.381
0.00328264 , 18.88 , 118.74 , -0.00071758 , 0 , 124.955
0.00589456 , 17.48 , 120.61 , -0.000670046 , 0 , 126.764
0.00340696 , 15.88 , 124.3 , -0.000631213 , 0 , 130.622
0.00322904 , 14.63 , 125.87 , -0.000593722 , 0 , 132.287
0.00348544 , 13.89 , 127.76 , -0.000567585 , 0 , 134.319
0.00868624 , 13.19 , 129.65 , -0.000563264 , 0 , 136.045
0.0163829 , 12.17 , 132.59 , -0.000590563 , 0 , 138.442

