0.0037428 , 292.13 , 46.13 , -0.366101 , 2.93972 , 97.0055
0.004334 , 290.11 , 48.08 , -0.274851 , 0 , 101.152
0.00593312 , 287.17 , 48.64 , -0.152502 , 0 , 93.4205
0.00204288 , 284.5 , 49.69 , -0.0554028 , 0 , 84.8823
0.0010572 , 282.4 , 49.88 , -0.0150604 , 0 , 75.3971
0.00391464 , 280.57 , 51.79 , -0.00592092 , 16.7979 , 68.923
0.00356768 , 278.11 , 53.06 , -0.00461668 , 18.7829 , 69.0157
0.002946 , 276.15 , 54.29 , -0.00604314 , 13.59 , 74.1062
0.0035284 , 273.58 , 54.54 , -0.0102761 , 9.08586 , 76.9149
0.0025404 , 271.68 , 56.09 , -0.018564 , 5.67203 , 80.8241
0.00354688 , 269.86 , 57.03 , -0.0321369 , 2.97407 , 85.6769
0.00378008 , 267.02 , 57.63 , -0.0494816 , 0 , 91.8164
0.00288872 , 263.91 , 58 , -0.0641736 , 0 , 98.357
0.00123568 , 262.59 , 60.53 , -0.0706941 , 0 , 106.504
0.0026488 , 261.15 , 58.95 , -0.0692497 , 0 , 109.016
0.00168168 , 259.18 , 59.71 , -0.0623728 , 0 , 112.22
0.00154576 , 259.26 , 62.11 , -0.0558378 , 0 , 115.763
0.00213512 , 257.68 , 60.7 , -0.050764 , 0 , 114.932
0.00197704 , 257.29 , 62.75 , -0.0489239 , 0 , 117.791
0.00279824 , 255.21 , 62.85 , -0.0491823 , 0 , 118.632
0.00228184 , 254.04 , 64.74 , -0.0509514 , 0 , 121.732
0.00351224 , 252.09 , 65.28 , -0.0537732 , 0 , 123.528
0.00303888 , 250.01 , 65.74 , -0.0561218 , 0 , 125.477
0.0032648 , 247.94 , 66.68 , -0.0575735 , 0 , 127.818
0.00275448 , 246.27 , 68.57 , -0.0579583 , 0 , 130.908
0.00333264 , 243.97 , 68.85 , -0.0572521 , 0 , 132.06
0.0022888 , 241.73 , 69.92 , -0.0551192 , 0 , 133.822
0.0038132 , 239.08 , 70.94 , -0.0531613 , 0 , 135.08
0.0031752 , 236.98 , 72.64 , -0.0513264 , 0 , 136.853
0.00198264 , 236.01 , 74.64 , -0.0496634 , 0 , 138.898
0.00374528 , 233.93 , 75.65 , -0.0493143 , 0 , 139.756
0.00310872 , 232.38 , 77.35 , -0.0498032 , 0 , 141.424
0.00277632 , 230.39 , 77.76 , -0.0501038 , 0 , 141.862
0.00426008 , 228.46 , 78.85 , -0.0513128 , 0 , 143.031
0.0025704 , 225.98 , 79.76 , -0.0513869 , 0 , 144.055
0.00148248 , 223.35 , 80.13 , -0.0495644 , 0 , 144.581
0.0039208 , 222.98 , 82.13 , -0.0497521 , 0 , 146.629
0.00272192 , 220.76 , 83.53 , -0.0498983 , 0 , 147.706
0.0037056 , 219.33 , 85.32 , -0.0508078 , 0 , 149.233
0.00234832 , 216.98 , 85.77 , -0.0508364 , 0 , 149.557
0.00521392 , 214.94 , 86.44 , -0.0521428 , 0 , 150.088
0.0029696 , 212.64 , 87.95 , -0.0524881 , 0 , 151.447
0.00323928 , 210.74 , 90.1 , -0.0524212 , 0 , 153.373
0.00369368 , 209.41 , 92.08 , -0.0529554 , 0 , 155.103
0.00228368 , 206.9 , 92.39 , -0.0522348 , 0 , 155.105
0.00298328 , 204.33 , 93.88 , -0.0513926 , 0 , 156.158
0.00305016 , 202.54 , 97.13 , -0.0513392 , 0 , 158.729
0.00118008 , 200.81 , 98.44 , -0.0504988 , 0 , 159.324
0.00317912 , 198.41 , 98.31 , -0.0503044 , 0 , 158.454
0.00274208 , 197.15 , 100 , -0.05107 , 0 , 159.392
0.00338304 , 196.05 , 102.06 , -0.053025 , 0 , 160.497
0.0025748 , 193.96 , 102.3 , -0.0544557 , 0 , 159.877
0.00244184 , 191.26 , 103.2 , -0.0550158 , 0 , 159.969
0.0040108 , 190.82 , 105.56 , -0.0571677 , 0 , 161.485
0.00218248 , 189.42 , 107.81 , -0.0586806 , 0 , 162.668
0.00410216 , 188.02 , 109.73 , -0.0609863 , 0 , 163.451
0.00335928 , 185.41 , 110.43 , -0.0622498 , 0 , 163.025
0.0036996 , 183.77 , 111.71 , -0.0630488 , 0 , 163.203
0.00213792 , 181.61 , 114.24 , -0.0623733 , 0 , 164.421
0.00467008 , 179.92 , 116.21 , -0.0628859 , 0 , 164.856
0.0048588 , 177.02 , 118.78 , -0.0636297 , 0 , 165.569
0.00481392 , 174.77 , 120.14 , -0.0639096 , 0 , 165.043
0.0016524 , 172.74 , 121.88 , -0.0617405 , 0 , 164.923
0.00229016 , 171.57 , 123.63 , -0.0597961 , 0 , 164.567
0.00346624 , 169.32 , 126.55 , -0.0592259 , 0 , 164.62
0.00129592 , 167.13 , 127.66 , -0.0576154 , 0 , 162.399
0.00577088 , 166.53 , 129.84 , -0.0594577 , 0 , 160.541
0.00375552 , 163.4 , 130.62 , -0.0604767 , 0 , 156.554
0.00666024 , 161.14 , 132.9 , -0.0627182 , 0 , 153.251
0.00564 , 159.34 , 133.93 , -0.064285 , 0 , 148.273
0.00270744 , 156.92 , 133.15 , -0.0621393 , 0 , 141.528
0.00286192 , 155.1 , 131.83 , -0.058567 , 0 , 134.7
0.002286 , 154.01 , 129.95 , -0.0546744 , 0 , 128.191
0.00537648 , 152.79 , 128.36 , -0.0529215 , 0 , 122.635
0.0064568 , 150.8 , 125.45 , -0.0523165 , 0 , 116.839
0.00345184 , 148.56 , 123.35 , -0.0502685 , 0 , 113.181
0.00294232 , 147.16 , 121.49 , -0.0478661 , 0 , 110.862
0.00525296 , 145.73 , 118.88 , -0.0468608 , 0 , 108.511
0.00229384 , 143.15 , 117.42 , -0.0448278 , 0 , 107.984
0.0063812 , 141.5 , 115.7 , -0.0444476 , 0 , 107.326
0.0032804 , 139.55 , 113.21 , -0.0431952 , 0 , 106.678
0.00496216 , 137.48 , 111.98 , -0.0422736 , 0 , 107.277
0.0024176 , 135.76 , 108.86 , -0.040396 , 0 , 106.644
0.0059104 , 134.46 , 107.2 , -0.0398801 , 0 , 107.231
0.0032572 , 131.8 , 105.4 , -0.038592 , 0 , 107.766
0.00694288 , 130.72 , 102.82 , -0.0384655 , 0 , 107.279
0.0030168 , 128.44 , 101.01 , -0.0371607 , 0 , 107.713
0.00640936 , 126.97 , 99.54 , -0.0366774 , 0 , 108.012
0.00657304 , 124.09 , 97.46 , -0.0362836 , 0 , 107.496
0.00265968 , 121.89 , 94.06 , -0.0340789 , 0 , 105.908
0.00544728 , 120.27 , 92.64 , -0.032539 , 0 , 105.942
0.00597144 , 117.51 , 90.69 , -0.0313626 , 0 , 105.127
0.00591072 , 115.43 , 88.18 , -0.0301392 , 0 , 103.57
0.0058148 , 112.14 , 86.64 , -0.0287127 , 0 , 102.738
0.0051024 , 109.83 , 84.18 , -0.027027 , 0 , 101.035
0.00771048 , 107.37 , 83.3 , -0.0260775 , 0 , 100.536
0.00521536 , 104.94 , 81.24 , -0.0247005 , 0 , 98.8898
0.00608232 , 102.11 , 78.92 , -0.0232344 , 0 , 96.8157
0.00577408 , 100.32 , 76.96 , -0.0219248 , 0 , 95.1588
0.00622336 , 98.34 , 75.97 , -0.0208648 , 0 , 94.2134
0.00578368 , 95.34 , 74.3 , -0.0197033 , 0 , 92.4347
0.00535368 , 93.22 , 73 , -0.0185044 , 0 , 91.0443
0.00560896 , 89.99 , 71.63 , -0.0172947 , 0 , 89.4272
0.00605552 , 87.79 , 70.2 , -0.0162327 , 0 , 87.7138
0.00464464 , 86.05 , 69.09 , -0.0151214 , 0 , 86.3305
0.00715304 , 83.07 , 68.45 , -0.0143092 , 0 , 85.0824
0.00437144 , 80.73 , 67.34 , -0.0132814 , 0 , 83.5343
0.00562176 , 78.22 , 66.57 , -0.0123138 , 0 , 82.1725
0.00426416 , 76.14 , 64.87 , -0.0113126 , 0 , 80
0.00856896 , 73.88 , 64.4 , -0.010757 , 0 , 78.6597
0.00907528 , 71.03 , 63.13 , -0.0103479 , 0 , 76.3575
0.00506992 , 67.67 , 62.29 , -0.00946397 , 0 , 74.6971
0.0052072 , 65.54 , 61.9 , -0.00851271 , 0 , 73.7247
0.00592664 , 63.31 , 61.14 , -0.00770709 , 0 , 72.3729
0.00457392 , 60.85 , 60.21 , -0.00687981 , 0 , 70.8004
0.00515528 , 58.71 , 60.22 , -0.00614357 , 0 , 70.1153
0.0053464 , 56.66 , 60.08 , -0.00551075 , 0 , 69.267
0.00651536 , 54.32 , 59.52 , -0.00497252 , 0 , 67.896
0.00603064 , 52.15 , 59.08 , -0.00446811 , 0 , 66.7139
0.0058304 , 49.66 , 58.87 , -0.00397554 , 0 , 65.809
0.00726432 , 47.27 , 58.9 , -0.00355828 , 0 , 65.1497
0.00738272 , 45.15 , 59.43 , -0.00319168 , 0 , 65.0442
0.00969848 , 42.27 , 60.02 , -0.00288695 , 0 , 64.8838
0.0096172 , 39.54 , 59.47 , -0.00259203 , 0 , 63.6952
0.0048516 , 36.51 , 59.17 , -0.0022091 , 0 , 63.1722
0.00572096 , 34.2 , 60.27 , -0.00186464 , 0 , 64.2368
0.00927704 , 32.01 , 60.59 , -0.00162345 , 0 , 64.3553
0.00478488 , 28.32 , 61.66 , -0.00137141 , 0 , 65.4072
0.00501856 , 26.33 , 62.08 , -0.00114125 , 0 , 65.9536
0.0099832 , 24.31 , 61.93 , -0.000989467 , 0 , 65.7561
0.00554968 , 20.68 , 62.61 , -0.000843167 , 0 , 66.5946
0.009286 , 18.7 , 63.71 , -0.000728101 , 0 , 67.7591
0.00513608 , 15.08 , 64.98 , -0.000625312 , 0 , 69.3735
0.0182122 , 12.87 , 65.82 , -0.000573754 , 0 , 69.8597
0.15588 , 10.95 , 66.99 , -0.00132871 , 47.1362 , 60.6583

