0.00335 , 298.59 , 66.08 , -0.404078 , 8.63733 , 114.573
0.00449328 , 296.34 , 67.9 , -0.328752 , 0 , 118.459
0.00264296 , 294.22 , 67.76 , -0.195993 , 0 , 111.949
0.00349992 , 292.75 , 69.33 , -0.0851957 , 0 , 102.985
0.00289616 , 291.06 , 71.19 , -0.0284639 , 0.216433 , 93.5528
0.0017228 , 288.82 , 72.12 , -0.0113105 , 13.0533 , 83.7553
0.00366032 , 287.39 , 73.62 , -0.00810263 , 16.6198 , 82.0392
0.00164408 , 285.66 , 74.74 , -0.0096516 , 12.131 , 86.8758
0.00119664 , 283.68 , 75.82 , -0.0153398 , 7.7783 , 91.1716
0.00402808 , 283.61 , 77.95 , -0.0286698 , 6.7588 , 96.3975
0.00251136 , 281.64 , 78.74 , -0.0513917 , 3.78438 , 101.946
0.00156384 , 280.03 , 79.96 , -0.0808669 , 1.47797 , 110.21
0.00363352 , 277.85 , 80.57 , -0.112136 , 0 , 118.642
0.00238896 , 275.92 , 81.65 , -0.13285 , 0 , 126.972
0.00236656 , 273.82 , 83.18 , -0.136875 , 0 , 133.858
0.00323712 , 273.78 , 85.2 , -0.13253 , 0 , 139.517
0.00219336 , 272.61 , 86.88 , -0.122649 , 0 , 143.114
0.00205392 , 270 , 87.31 , -0.110164 , 0 , 144.741
0.00386552 , 268.09 , 88.04 , -0.102366 , 0 , 146.674
0.00206312 , 265.95 , 89.29 , -0.0958314 , 0 , 149.041
0.00112104 , 266.67 , 91.46 , -0.0928012 , 0 , 152.598
0.00108032 , 264.51 , 91.42 , -0.0908073 , 0 , 153.664
0.00229376 , 262.84 , 92.67 , -0.0918483 , 0 , 155.901
0.0006296 , 261.58 , 94.3 , -0.0927947 , 0 , 158.278
0.00138056 , 260.8 , 95.59 , -0.0949373 , 0 , 160.103
0.0040784 , 258.46 , 96.99 , -0.10036 , 0 , 161.594
0.00141904 , 256.71 , 98.17 , -0.103105 , 0 , 162.977
0.0024204 , 254.68 , 98.93 , -0.104036 , 0 , 163.745
0.00342944 , 253.74 , 101 , -0.10657 , 0 , 165.627
0.00242936 , 252.43 , 102.66 , -0.108054 , 0 , 166.617
0.00168352 , 250.51 , 104.42 , -0.107082 , 0 , 167.384
0.00258992 , 249.1 , 107.49 , -0.107322 , 0 , 168.995
0.00086176 , 248.41 , 104.7 , -0.104819 , 0 , 164.838
0.00148856 , 248.06 , 107.21 , -0.10465 , 0 , 165.286
0.00227856 , 245.83 , 106.89 , -0.105166 , 0 , 162.011
0.00114992 , 245.7 , 109.28 , -0.10682 , 0 , 161.01
0.00037976 , 245.03 , 108.86 , -0.107583 , 0 , 156.593
0.00074776 , 242.99 , 109.16 , -0.107531 , 0 , 152.102
0.00126856 , 243.8 , 115.69 , -0.112611 , 0 , 152.392
0.0009544 , 242.65 , 110.72 , -0.115106 , 0 , 141.035
0.00091544 , 241.79 , 114.87 , -0.118559 , 0 , 138.252
0.001968 , 240.55 , 112.97 , -0.121213 , 0 , 129.56
0.00185056 , 239.96 , 116.94 , -0.124618 , 0 , 126.755
0.00175712 , 238.58 , 114.46 , -0.124508 , 0 , 118.701
0.0005392 , 237.62 , 116.4 , -0.121786 , 0 , 116.149
0.0026232 , 235.9 , 117.79 , -0.120445 , 0 , 113.502
0.00254168 , 234.28 , 119.79 , -0.119697 , 0 , 112.169
0.00234088 , 231.85 , 120.53 , -0.117575 , 0 , 110.273
0.00288136 , 230.71 , 122.74 , -0.117165 , 0 , 110.385
0.00198936 , 229.49 , 125.36 , -0.117094 , 0 , 111.053
0.00323888 , 227.41 , 125.5 , -0.117726 , 0 , 109.495
0.00206552 , 225.88 , 127.16 , -0.1176 , 0 , 109.811
0.00283376 , 224.18 , 128.88 , -0.118085 , 0 , 110.057
0.00238184 , 222.51 , 130.07 , -0.117896 , 0 , 109.939
0.0028696 , 221.34 , 131.84 , -0.118686 , 0 , 110.37
0.00127296 , 219.04 , 131.78 , -0.116164 , 0 , 109.293
0.0016876 , 219.12 , 134.75 , -0.115865 , 0 , 111.179
0.0021524 , 216.76 , 135.76 , -0.115883 , 0 , 110.776
0.00263232 , 215.58 , 137.94 , -0.117617 , 0 , 111.519
0.00163272 , 214.67 , 140.14 , -0.119179 , 0 , 112.274
0.00218392 , 212.18 , 140.66 , -0.119614 , 0 , 111.316
0.0032316 , 209.55 , 141.13 , -0.11993 , 0 , 110.439
0.00279056 , 209.94 , 138.71 , -0.120179 , 0 , 107.782
0.00196712 , 210.54 , 136.57 , -0.120163 , 0 , 106.11
0.00099856 , 209.13 , 134.32 , -0.117794 , 0 , 104.681
0.0027204 , 208.06 , 131.99 , -0.117021 , 0 , 103.424
0.00147848 , 206.26 , 130.93 , -0.11479 , 0 , 103.603
0.0024528 , 205.55 , 128.51 , -0.113353 , 0 , 102.737
0.00324096 , 204.47 , 126.66 , -0.113439 , 0 , 102.558
0.00193968 , 203.6 , 123.72 , -0.112051 , 0 , 101.764
0.00438552 , 201.68 , 124.45 , -0.113424 , 0 , 103.885
0.00200736 , 202.34 , 122.31 , -0.113445 , 0 , 103.839
0.00113928 , 200.53 , 121.37 , -0.110725 , 0 , 104.704
0.00188936 , 198.9 , 119.95 , -0.107684 , 0 , 105.052
0.00381248 , 197.62 , 117.64 , -0.106766 , 0 , 104.507
0.00243344 , 195.45 , 115.73 , -0.104022 , 0 , 104.492
0.00491448 , 193.51 , 113.95 , -0.103134 , 0 , 104.464
0.00226808 , 192.4 , 111.67 , -0.0999936 , 0 , 104.502
0.00417904 , 190.13 , 110.02 , -0.0976399 , 0 , 104.815
0.00358832 , 189.77 , 108.05 , -0.095976 , 0 , 105.162
0.00265144 , 187.25 , 105.92 , -0.0924945 , 0 , 105.182
0.00448408 , 185.18 , 104.52 , -0.0903473 , 0 , 105.757
0.00500448 , 183.27 , 102.43 , -0.0890115 , 0 , 105.654
0.00499944 , 181.97 , 99.78 , -0.0878011 , 0 , 105.144
0.0035384 , 181.15 , 97.67 , -0.0855677 , 0 , 105.383
0.00159744 , 179.34 , 96.58 , -0.0811629 , 0 , 106.513
0.00530344 , 177.92 , 94.54 , -0.0796808 , 0 , 106.322
0.00371816 , 176.04 , 92.26 , -0.0776913 , 0 , 105.931
0.00384032 , 173.59 , 90.67 , -0.0751022 , 0 , 105.97
0.00310472 , 171.95 , 89.1 , -0.072041 , 0 , 106.12
0.00639552 , 169.26 , 87.43 , -0.0710626 , 0 , 105.698
0.00528464 , 167.02 , 85.13 , -0.0696248 , 0 , 104.759
0.005118 , 164.89 , 82.4 , -0.0673831 , 0 , 103.399
0.00530024 , 162.44 , 80.59 , -0.0648699 , 0 , 102.867
0.00533424 , 159.63 , 78.56 , -0.0619274 , 0 , 101.949
0.005688 , 158.01 , 77.05 , -0.0594947 , 0 , 101.463
0.003344 , 155.14 , 74.92 , -0.055467 , 0 , 100.271
0.00560456 , 152.61 , 73.06 , -0.0524844 , 0 , 99.0968
0.00659008 , 150.84 , 71.66 , -0.0510346 , 0 , 98.2183
0.0030804 , 148.21 , 69.78 , -0.0479786 , 0 , 96.8365
0.00632144 , 146.52 , 68.56 , -0.0464416 , 0 , 95.9052
0.00332416 , 143.05 , 66.47 , -0.0436918 , 0 , 94.095
0.00663464 , 139.87 , 64.51 , -0.0417717 , 0 , 92.0836
0.00576424 , 137.68 , 62.53 , -0.0400379 , 0 , 90.1166
0.00655976 , 135.65 , 61.75 , -0.0387451 , 0 , 89.1014
0.00318216 , 132.15 , 61.09 , -0.0360154 , 0 , 88.2275
0.00513024 , 130 , 59.07 , -0.0336351 , 0 , 85.981
0.00510336 , 128.03 , 58.11 , -0.0318391 , 0 , 84.6695
0.0051472 , 123.95 , 57.38 , -0.0298968 , 0 , 83.1682
0.00435464 , 121.93 , 56.21 , -0.0278778 , 0 , 81.4058
0.00565288 , 118.92 , 54.07 , -0.0261405 , 0 , 78.5155
0.00761304 , 116.56 , 53.44 , -0.0252037 , 0 , 76.9742
0.00500864 , 113.36 , 52.52 , -0.023691 , 0 , 75.1432
0.00773656 , 110.81 , 51.71 , -0.0225642 , 0 , 73.3933
0.0038748 , 108.41 , 49.79 , -0.020769 , 0 , 70.8521
0.00835512 , 105.44 , 49.11 , -0.0196106 , 0 , 69.2367
0.00516008 , 102.69 , 49.11 , -0.0182268 , 0 , 68.4499
0.0047492 , 99.36 , 48.26 , -0.0164979 , 0 , 66.8002
0.00728424 , 96.41 , 47.29 , -0.0152382 , 0 , 65.0663
0.00660312 , 94.26 , 47.5 , -0.0142044 , 0 , 64.5055
0.00501272 , 91.93 , 47.24 , -0.0130298 , 0 , 63.5266
0.00490176 , 89.73 , 47.32 , -0.0119271 , 0 , 63.0451
0.00449864 , 85.88 , 47.1 , -0.0108156 , 0 , 62.226
0.00780288 , 83.47 , 46.3 , -0.0100935 , 0 , 60.7504
0.00630672 , 81.23 , 46.96 , -0.00945655 , 0 , 60.7555
0.00507664 , 78.44 , 47.01 , -0.00866884 , 0 , 60.2168
0.00619096 , 75.88 , 46.76 , -0.00797921 , 0 , 59.5233
0.00738808 , 73.51 , 47.13 , -0.00747043 , 0 , 59.4042
0.00332944 , 71.27 , 47.33 , -0.00676405 , 0 , 59.233
0.00618456 , 68.62 , 48.47 , -0.0061897 , 0 , 59.9427
0.00459024 , 65.67 , 48.11 , -0.00561818 , 0 , 59.2034
0.007748 , 63.27 , 48.75 , -0.00519374 , 0 , 59.3264
0.00563176 , 60.5 , 49.32 , -0.00475359 , 0 , 59.4271
0.00691512 , 57.83 , 50.98 , -0.00434384 , 0 , 60.6004
0.00836728 , 55.37 , 51 , -0.0040161 , 0 , 60.1354
0.0048104 , 53.55 , 52.15 , -0.00361595 , 0 , 60.9675
0.00487352 , 50.73 , 52.51 , -0.00319216 , 0 , 61.0021
0.00450992 , 49.54 , 54.13 , -0.0028339 , 0 , 62.4424
0.00464064 , 46.89 , 54.77 , -0.00250342 , 0 , 62.7198
0.0069772 , 44.8 , 55.32 , -0.00224325 , 0 , 62.8513
0.0062628 , 42.35 , 56.47 , -0.00200495 , 0 , 63.5893
0.00670072 , 39.88 , 58.47 , -0.00178364 , 0 , 65.1998
0.00693904 , 36.98 , 60.18 , -0.00158161 , 0 , 66.5564
0.0062476 , 34.66 , 62.12 , -0.0013907 , 0 , 68.2487
0.006936 , 32.48 , 63.28 , -0.00122237 , 0 , 69.169
0.0074528 , 29.48 , 64.9 , -0.00107655 , 0 , 70.5564
0.00758344 , 26.73 , 67.83 , -0.000950754 , 0 , 73.3127
0.00863776 , 24.54 , 69.06 , -0.000844836 , 0 , 74.3307
0.00377536 , 21.82 , 71.09 , -0.00073266 , 0 , 76.4421
0.008366 , 18.95 , 73.68 , -0.00064972 , 0 , 78.9478
0.00765728 , 17.46 , 75.3 , -0.000589281 , 0 , 80.5347
0.00366592 , 15.72 , 76.54 , -0.000524879 , 0 , 81.8908
0.00407424 , 14.19 , 77.93 , -0.000472307 , 0 , 83.4014
0.00417224 , 12.71 , 79.87 , -0.000435233 , 0 , 85.4397
0.0040552 , 9.56 , 81.92 , -0.000404835 , 0 , 87.5101
0.00733408 , 8.01 , 83.39 , -0.000386894 , 0 , 88.8486
0.00347704 , 6.12 , 85.47 , -0.000369817 , 0 , 91.0154
0.00779432 , 5.42 , 88.12 , -0.000361919 , 0 , 93.5103
0.00958344 , 4.25 , 90.03 , -0.000364214 , 0 , 95.1478
0.00824208 , 3.06 , 91.84 , -0.000364661 , 0 , 96.781

