0.005558 , 300.62 , 55.1 , -0.411149 , 10.5232 , 105.872
0.0032412 , 298.42 , 56.62 , -0.341392 , 0 , 111.045
0.00256864 , 297.5 , 59.15 , -0.214983 , 0 , 107.545
0.0028224 , 295.94 , 57.45 , -0.0983334 , 0 , 96.5373
0.00637696 , 293.82 , 58.71 , -0.0370834 , 2.19576 , 87.7922
0.00244496 , 291.34 , 59.3 , -0.0154294 , 12.9258 , 76.3755
0.00166176 , 289.33 , 60.96 , -0.0100184 , 14.5643 , 73.3322
0.003478 , 287.35 , 61.45 , -0.0110446 , 11.5387 , 77.5027
0.00243992 , 286.12 , 63.71 , -0.0169384 , 9.12735 , 82.7043
0.0016308 , 284.93 , 65.32 , -0.0286602 , 6.86863 , 87.0992
0.00418248 , 282.83 , 64.78 , -0.0484398 , 4.86812 , 91.5644
0.00215688 , 281.44 , 66.44 , -0.0743216 , 3.37158 , 100.462
0.00348312 , 280.22 , 68.17 , -0.103048 , 2.48392 , 109.75
0.00401016 , 278.01 , 68.92 , -0.126856 , 0.723593 , 117.418
0.00197072 , 275.05 , 69.72 , -0.133321 , 0 , 123.813
0.00261976 , 274.77 , 71.94 , -0.129284 , 0 , 130.162
0.0026636 , 272.73 , 72.25 , -0.117751 , 0 , 132.807
0.00252728 , 270.6 , 72.94 , -0.10395 , 0 , 134.906
0.00392848 , 268.99 , 74.66 , -0.0946063 , 0 , 137.517
0.00272232 , 267.19 , 75.95 , -0.0877303 , 0 , 139.661
0.00230048 , 265.22 , 76.9 , -0.0824954 , 0 , 141.595
0.00309944 , 263.07 , 77.28 , -0.0795037 , 0 , 143.014
0.00389704 , 262.26 , 79.32 , -0.0803838 , 0.849935 , 145.941
0.00224992 , 260.56 , 81.1 , -0.0811591 , 0.33002 , 148.367
0.002874 , 258.63 , 81.79 , -0.0818253 , 0 , 149.73
0.00165144 , 256.61 , 82.77 , -0.0809379 , 0 , 151.358
0.00085384 , 256.5 , 84.84 , -0.0800465 , 0 , 153.85
0.0041304 , 254.43 , 83.97 , -0.0813433 , 0 , 152.836
0.00185768 , 252.63 , 85.57 , -0.0818007 , 0 , 154.365
0.00278784 , 250.7 , 86.49 , -0.0820421 , 0 , 155.011
0.00387032 , 248.99 , 87.91 , -0.0836465 , 0 , 156.159
0.00229512 , 247.6 , 90.25 , -0.0845674 , 0 , 158.16
0.00354576 , 245.69 , 91.54 , -0.0857478 , 0 , 158.975
0.00164488 , 243.97 , 92.99 , -0.0850198 , 0 , 160.097
0.00182056 , 241.48 , 93.05 , -0.0823552 , 0 , 159.651
0.00339192 , 241.17 , 95.44 , -0.0828022 , 0 , 161.397
0.00212096 , 240.61 , 97.51 , -0.0843289 , 0 , 162.533
0.00177704 , 238.79 , 98.78 , -0.0853812 , 0 , 162.869
0.00337024 , 236.36 , 98.96 , -0.0871069 , 0 , 162.246
0.00163176 , 235.71 , 101.52 , -0.0886446 , 0 , 164.076
0.00245776 , 233.53 , 102.46 , -0.0894548 , 0 , 163.914
0.00300552 , 232.7 , 104.47 , -0.0914918 , 0 , 164.868
0.00265664 , 231 , 105.57 , -0.0929814 , 0 , 164.631
0.00201328 , 229.01 , 105.18 , -0.0921692 , 0 , 162.885
0.00327792 , 226.99 , 107.02 , -0.0919259 , 0 , 162.909
0.002306 , 225.83 , 110.07 , -0.0917808 , 0 , 163.517
0.00359864 , 223.66 , 111.55 , -0.0922832 , 0 , 161.809
0.00343216 , 221.4 , 112.41 , -0.0923969 , 0 , 159
0.00392248 , 219.38 , 113.47 , -0.0926688 , 0 , 155.644
0.00244432 , 216.51 , 115.8 , -0.0906979 , 0 , 152.513
0.00232856 , 215.26 , 118.02 , -0.0885038 , 0 , 148.458
0.00231896 , 214.49 , 120.73 , -0.0876513 , 0 , 144.022
0.00210552 , 212.24 , 121.38 , -0.0864396 , 0 , 137.119
0.00188736 , 210.73 , 123.47 , -0.0856304 , 0 , 131.817
0.00238728 , 208.55 , 123.66 , -0.0848605 , 0 , 125.215
0.00237976 , 207.76 , 125.59 , -0.0851883 , 0 , 121.229
0.00178152 , 205.88 , 127.57 , -0.0851241 , 0 , 117.925
0.00254552 , 204.96 , 129.55 , -0.086239 , 0 , 115.352
0.00199232 , 202.99 , 130.56 , -0.08666 , 0 , 112.487
0.00146576 , 201.08 , 131.38 , -0.0858404 , 0 , 110.148
0.00139072 , 199.96 , 133.59 , -0.0852634 , 0 , 109.581
0.00107072 , 200.69 , 135.73 , -0.0862141 , 0 , 109.324
0.0011728 , 199.53 , 133.58 , -0.0868024 , 0 , 105.437
0.00211928 , 198.28 , 135.91 , -0.0891176 , 0 , 105.968
0.00256192 , 196.49 , 136.87 , -0.0917794 , 0 , 105.131
0.0029516 , 195.71 , 139.62 , -0.0953376 , 0 , 105.969
0.00244344 , 194.76 , 142.71 , -0.0984764 , 0 , 106.909
0.00365 , 192.44 , 142.97 , -0.100633 , 0 , 105.02
0.00234208 , 190.01 , 140.46 , -0.0987394 , 0 , 101.38
0.00111104 , 190.35 , 137.96 , -0.0949444 , 0 , 98.9735
0.00467856 , 190.1 , 135.66 , -0.0949971 , 0 , 96.9348
0.0027288 , 188.24 , 134.55 , -0.0939572 , 0 , 96.4758
0.00420792 , 186.95 , 132.23 , -0.0936999 , 0 , 95.1001
0.00269208 , 185.57 , 129.9 , -0.0920379 , 0 , 94.3888
0.00448264 , 184.12 , 127.14 , -0.091336 , 0 , 93.436
0.00494032 , 181.87 , 125.87 , -0.0909802 , 0 , 93.9929
0.0035964 , 180.73 , 124.22 , -0.0892241 , 0 , 94.5464
0.00683856 , 177.86 , 121.75 , -0.0888367 , 0 , 94.0317
0.00195992 , 177.11 , 119.31 , -0.0846259 , 0 , 94.6099
0.00455688 , 174.17 , 116.71 , -0.080652 , 0 , 94.6528
0.00420032 , 172.79 , 114.78 , -0.0774416 , 0 , 95.7255
0.0071144 , 170.73 , 112.49 , -0.0768209 , 0 , 96.0326
0.00238528 , 167.64 , 109.18 , -0.0722808 , 0 , 95.9391
0.00455048 , 166.17 , 106.59 , -0.0688614 , 0 , 96.5101
0.0050504 , 164.19 , 106.1 , -0.0670796 , 0 , 98.8161
0.00240936 , 162.03 , 103.18 , -0.0635877 , 0 , 98.7803
0.00234296 , 160.71 , 101.11 , -0.0602527 , 0 , 99.5169
0.00474888 , 159.31 , 99.65 , -0.0592855 , 0 , 100.367
0.0022436 , 156.9 , 98.32 , -0.0574186 , 0 , 101.135
0.00473416 , 155.65 , 95.93 , -0.0568604 , 0 , 100.543
0.00550456 , 153.42 , 93.44 , -0.0569732 , 0 , 99.6701
0.00504432 , 151.1 , 91.36 , -0.0564764 , 0 , 99.0559
0.00518032 , 148.46 , 88.94 , -0.0551644 , 0 , 98.0003
0.00514904 , 146.16 , 86.87 , -0.0532804 , 0 , 97.2656
0.00537176 , 143.45 , 84.47 , -0.0509326 , 0 , 96.0519
0.00253264 , 141.29 , 82.77 , -0.0471425 , 0 , 95.656
0.00536304 , 139.71 , 81.36 , -0.0448245 , 0 , 95.1707
0.00477112 , 136.89 , 79.98 , -0.0428391 , 0 , 94.4988
0.00501448 , 134.43 , 78.44 , -0.0410611 , 0 , 93.494
0.00538224 , 132.06 , 76.05 , -0.0395432 , 0 , 91.6392
0.00520904 , 129.26 , 74.21 , -0.0379744 , 0 , 90.2595
0.00479192 , 127.28 , 72.53 , -0.0363735 , 0 , 89.0549
0.00517176 , 125.04 , 70.52 , -0.0349026 , 0 , 87.4153
0.004772 , 121.83 , 69 , -0.0331837 , 0 , 86.1345
0.00494768 , 119.54 , 67.54 , -0.0315321 , 0 , 84.8879
0.00678832 , 116.9 , 66.07 , -0.0304743 , 0 , 83.4006
0.00425696 , 113.31 , 64.4 , -0.028606 , 0 , 81.7459
0.00463424 , 111.04 , 63.12 , -0.026704 , 0 , 80.508
0.00515328 , 108.82 , 61.56 , -0.0251638 , 0 , 78.9245
0.00489896 , 106.81 , 61.2 , -0.0238731 , 0 , 78.3822
0.00376952 , 104.1 , 59.78 , -0.0223531 , 0 , 76.6996
0.0043636 , 101.81 , 59.33 , -0.0210387 , 0 , 75.9307
0.00366832 , 99.57 , 58.12 , -0.0197484 , 0 , 74.3764
0.00723496 , 97.32 , 58.14 , -0.0192073 , 0 , 73.6916
0.00477992 , 94.94 , 56.51 , -0.0183873 , 0 , 71.4404
0.0040048 , 92.64 , 55.64 , -0.0172309 , 0 , 70.0144
0.00427096 , 90.28 , 55.08 , -0.0161193 , 0 , 68.9442
0.00411064 , 88.34 , 54.2 , -0.015062 , 0 , 67.515
0.00405016 , 86.52 , 53.09 , -0.0140567 , 0 , 65.7865
0.00353488 , 84.49 , 53.34 , -0.01309 , 0 , 65.3889
0.0055992 , 82.01 , 52.8 , -0.0123598 , 0 , 64.0098
0.00772208 , 78.98 , 51.97 , -0.0118764 , 0 , 62.1633
0.00370264 , 76.49 , 51.92 , -0.0109975 , 0 , 61.3889
0.00426448 , 74.55 , 51.18 , -0.0100412 , 0 , 60.0667
0.00527624 , 72.41 , 50.66 , -0.00927478 , 0 , 58.9931
0.00397016 , 70.36 , 51.01 , -0.00850153 , 0 , 58.7698
0.00374488 , 68.2 , 50.71 , -0.00771943 , 0 , 57.9017
0.00568784 , 65.66 , 50.14 , -0.00709385 , 0 , 56.7008
0.00322448 , 63.51 , 50.4 , -0.00641769 , 0 , 56.4942
0.00519904 , 61.37 , 50.57 , -0.00584093 , 0 , 56.1165
0.00819112 , 58.54 , 50.58 , -0.00546452 , 0 , 55.4301
0.00598768 , 55.41 , 50.46 , -0.00499961 , 0 , 54.6974
0.00360784 , 53.05 , 51.06 , -0.0044139 , 0 , 55.017
0.00683024 , 50.86 , 51.25 , -0.00396267 , 0 , 54.9233
0.0076396 , 48.13 , 51.89 , -0.00360441 , 0 , 55.1855
0.00418744 , 44.66 , 52.04 , -0.00314257 , 0 , 55.0717
0.00736376 , 42.85 , 53.29 , -0.00277275 , 0 , 56.1668
0.00868872 , 39.76 , 53.84 , -0.0024823 , 0 , 56.452
0.00690376 , 36.74 , 54.36 , -0.00216743 , 0 , 56.8006
0.00696072 , 34.52 , 54.94 , -0.00186971 , 0 , 57.3823
0.00674296 , 31.62 , 55.96 , -0.00160378 , 0 , 58.4915
0.00375176 , 28.84 , 57.38 , -0.00134102 , 0 , 60.2064
0.00705056 , 26.77 , 57.99 , -0.00113764 , 0 , 61.0044
0.00695008 , 23.62 , 59.48 , -0.000976324 , 0 , 62.6905
0.00338816 , 21.28 , 60.73 , -0.00081858 , 0 , 64.3379
0.00719856 , 19.09 , 61.34 , -0.000701129 , 0 , 65.2066
0.00875696 , 16.26 , 63.67 , -0.000620693 , 0 , 67.7515
0.0106752 , 13.64 , 64.65 , -0.000557512 , 0 , 68.7593
0.00454576 , 10.64 , 66.45 , -0.000489473 , 0 , 70.9932
0.00521832 , 8.04 , 68.37 , -0.000430137 , 0 , 73.3355
0.0116591 , 5.79 , 70.61 , -0.000400305 , 0 , 75.6564
0.00929488 , 3.87 , 71.95 , -0.00037694 , 0 , 77.1269
0.161531 , 2.96 , 74.09 , -0.000827521 , 43.0932 , 68.6312

