0.0039712 , 297.31 , 62.21 , -0.399152 , 7.64304 , 111.092
0.00360056 , 297.55 , 66.05 , -0.32707 , 0 , 117.621
0.00542808 , 295.18 , 65.08 , -0.206878 , 0 , 110.116
0.00284064 , 292.93 , 66.46 , -0.0941773 , 0 , 101.84
0.00283704 , 291.64 , 68.02 , -0.0325252 , 0.185593 , 92.8234
0.00221352 , 289.92 , 69.54 , -0.0130464 , 12.8822 , 83.4519
0.00218744 , 288.1 , 70.64 , -0.00878844 , 15.7687 , 80.3259
0.00376264 , 286.24 , 71.68 , -0.0102949 , 12.2732 , 84.8238
0.00298456 , 284.97 , 73.43 , -0.0167584 , 8.91833 , 89.7381
0.0020068 , 284.44 , 75.44 , -0.0303445 , 6.60843 , 94.7765
0.00346576 , 282.59 , 76.5 , -0.0540027 , 4.07935 , 100.765
0.0036636 , 281.06 , 77.97 , -0.0876877 , 2.39966 , 109.443
0.00327336 , 278.52 , 79.39 , -0.12218 , 0.00400879 , 118.758
0.00461048 , 276.57 , 82.14 , -0.14983 , 0 , 128.772
0.00313968 , 274.3 , 82.74 , -0.157331 , 0 , 135.185
0.00163648 , 273.6 , 84.66 , -0.146513 , 0 , 141.242
0.00091616 , 270.88 , 83.81 , -0.122415 , 0 , 142.587
0.00261752 , 272.32 , 86.77 , -0.107083 , 0 , 146.793
0.00397968 , 269.59 , 86.89 , -0.0988902 , 0 , 146.854
0.00112248 , 267.24 , 87.13 , -0.0918966 , 0 , 147.897
0.00376576 , 266.86 , 89.16 , -0.0926453 , 0.55165 , 151.132
0.00300944 , 265.87 , 92.41 , -0.0983339 , 1.06583 , 155.447
0.0027208 , 263.64 , 93.15 , -0.103863 , 0 , 157.23
0.000932 , 261.47 , 94.31 , -0.105291 , 0 , 159.767
0.00090368 , 262.81 , 96.39 , -0.107714 , 0 , 163.161
0.00107496 , 260.62 , 94.94 , -0.107468 , 0 , 162.159
0.00298296 , 261.17 , 97.34 , -0.11217 , 0.282549 , 164.752
0.00213872 , 257.49 , 96.28 , -0.113319 , 0 , 163.206
0.00175128 , 257.53 , 98.42 , -0.114746 , 0 , 165.219
0.00244776 , 255.59 , 99.59 , -0.116112 , 0 , 165.594
0.00338768 , 255.75 , 101.98 , -0.121329 , 0 , 166.995
0.00193128 , 253.27 , 101.8 , -0.122948 , 0 , 165.348
0.00305432 , 251.76 , 103.53 , -0.124644 , 0 , 165.267
0.00178144 , 249.97 , 104.65 , -0.123413 , 0 , 163.765
0.00178136 , 249.83 , 106.73 , -0.122552 , 0 , 162.219
0.00111488 , 248.3 , 108.26 , -0.120634 , 0 , 158.68
0.00070272 , 249.13 , 110.38 , -0.121188 , 0 , 154.66
0.00053664 , 248.7 , 108.28 , -0.122016 , 0 , 145.653
0.00173072 , 246.24 , 109.74 , -0.124051 , 0 , 139.23
0.00081384 , 247.82 , 112.24 , -0.128988 , 0 , 133.953
0.00138768 , 245.89 , 111.1 , -0.132022 , 0 , 125.316
0.00241384 , 246.02 , 113.38 , -0.137688 , 0 , 121.13
0.0036068 , 243.46 , 114.01 , -0.142424 , 0 , 115.895
0.00217384 , 242.5 , 116.83 , -0.143731 , 0 , 114.065
0.00331656 , 240.49 , 116.99 , -0.142207 , 0 , 110.541
0.00105696 , 239.39 , 118.79 , -0.136193 , 0 , 109.787
0.00205048 , 238.68 , 120.99 , -0.131615 , 0 , 109.731
0.0023868 , 236.76 , 120.4 , -0.127604 , 0 , 107.569
0.00280344 , 235.97 , 123.54 , -0.127746 , 0 , 109.291
0.00253464 , 234.34 , 125.06 , -0.129186 , 0 , 109.486
0.0023484 , 231.93 , 125.45 , -0.129582 , 0 , 108.907
0.0030608 , 231.03 , 127.42 , -0.132106 , 0 , 110.011
0.00278528 , 229.26 , 128.92 , -0.134009 , 0 , 110.493
0.0025116 , 227.89 , 131.31 , -0.135076 , 0 , 111.75
0.00229072 , 226.77 , 133.35 , -0.135478 , 0 , 112.571
0.00309776 , 225.97 , 135.72 , -0.137628 , 0 , 113.496
0.00225568 , 223.96 , 136.75 , -0.137541 , 0 , 113.127
0.00313336 , 221.74 , 137.67 , -0.136929 , 0 , 112.704
0.00325824 , 220.13 , 138.91 , -0.136413 , 0 , 112.76
0.0033648 , 217.79 , 139.44 , -0.134789 , 0 , 112.185
0.00238856 , 216.85 , 136.69 , -0.130883 , 0 , 109.41
0.00183064 , 217.01 , 133.29 , -0.126926 , 0 , 106.95
0.00232544 , 214.98 , 133.38 , -0.124333 , 0 , 107.562
0.00285264 , 216.07 , 131.3 , -0.125402 , 0 , 106.581
0.00477208 , 214.06 , 129.53 , -0.129419 , 0 , 105.595
0.0022296 , 212.48 , 127.33 , -0.129457 , 0 , 104.838
0.00125328 , 211.79 , 125.35 , -0.126322 , 0 , 104.705
0.00507024 , 209.94 , 123.64 , -0.126718 , 0 , 104.421
0.0013764 , 208.27 , 122.22 , -0.122246 , 0 , 104.846
0.002772 , 207.05 , 120.41 , -0.11792 , 0 , 104.804
0.00273168 , 206.95 , 117.94 , -0.115173 , 0 , 104.502
0.00049552 , 204.38 , 118.62 , -0.110046 , 0 , 106.803
0.00134256 , 204.82 , 121.03 , -0.108448 , 0 , 110.378
0.00383752 , 204.91 , 116.12 , -0.110971 , 0 , 107.051
0.00230296 , 204.06 , 113.47 , -0.113124 , 0 , 106.382
0.0039084 , 202.04 , 112.37 , -0.11584 , 0 , 106.909
0.00466832 , 200.82 , 109.13 , -0.118099 , 0 , 105.744
0.0045292 , 198.67 , 107.79 , -0.118017 , 0 , 106.413
0.00432968 , 197.17 , 106.16 , -0.115419 , 0 , 106.891
0.00286912 , 195.34 , 103.66 , -0.108817 , 0 , 106.718
0.00336832 , 194.99 , 101.09 , -0.102747 , 0 , 106.64
0.00420936 , 193.42 , 99.68 , -0.0986753 , 0 , 107.331
0.00305544 , 192.22 , 97.87 , -0.0948113 , 0 , 107.674
0.00643328 , 190.56 , 95.44 , -0.0948925 , 0 , 107.162
0.00473936 , 188.74 , 94.01 , -0.094663 , 0 , 107.798
0.00136128 , 187.11 , 92.35 , -0.0902513 , 0 , 108.426
0.00447584 , 186.46 , 90.14 , -0.0882324 , 0 , 108.381
0.00388528 , 184.29 , 88.65 , -0.0862136 , 0 , 108.784
0.00600096 , 182.19 , 87.59 , -0.0857472 , 0 , 109.201
0.00758192 , 180.65 , 85.96 , -0.0871386 , 0 , 109.021
0.001898 , 178.03 , 83.29 , -0.0821276 , 0 , 108.215
0.00210392 , 177.02 , 81.4 , -0.075842 , 0 , 108.241
0.00657176 , 175.72 , 79.73 , -0.0739921 , 0 , 107.917
0.00460168 , 173.67 , 77.73 , -0.0718907 , 0 , 107.055
0.00999512 , 171.65 , 76.15 , -0.0737918 , 0 , 106.166
0.00603064 , 168.02 , 74.31 , -0.0725761 , 0 , 105.258
0.00262328 , 165.71 , 71.19 , -0.0665624 , 0 , 103.52
0.0094864 , 164.25 , 69.75 , -0.0649946 , 0 , 102.965
0.00653048 , 160.57 , 67.61 , -0.06202 , 0 , 101.365
0.00743528 , 157.97 , 66 , -0.058766 , 0 , 100.096
0.00790048 , 154.66 , 63.89 , -0.055574 , 0 , 98.241
0.00337816 , 151.66 , 61.9 , -0.0498045 , 0 , 96.6481
0.0078256 , 149.91 , 60.73 , -0.0466354 , 0 , 95.451
0.0072932 , 147.07 , 58.89 , -0.0443908 , 0 , 93.2657
0.00341856 , 143.7 , 57.19 , -0.0403999 , 0 , 91.2008
0.00716072 , 141.82 , 56.44 , -0.0382001 , 0 , 89.9301
0.00712088 , 139.51 , 55.14 , -0.0369186 , 0 , 87.9305
0.00721336 , 136.31 , 53.58 , -0.0355322 , 0 , 85.4859
0.00630792 , 132.56 , 52.3 , -0.0334355 , 0 , 83.411
0.00688008 , 129.7 , 51.3 , -0.0313028 , 0 , 81.6779
0.00615744 , 127.18 , 50.12 , -0.0290451 , 0 , 79.7741
0.00554952 , 124.44 , 49.75 , -0.0266872 , 0 , 78.6042
0.0103277 , 121.18 , 49.53 , -0.0256646 , 0 , 77.2411
0.00694608 , 118.19 , 48.67 , -0.0241401 , 0 , 75.4305
0.00287552 , 115.51 , 47.78 , -0.0213904 , 0 , 73.9722
0.00537032 , 113.62 , 46.64 , -0.0192939 , 0 , 72.3462
0.00513336 , 111.34 , 46.47 , -0.0177574 , 0 , 71.4821
0.00847432 , 108.7 , 46.68 , -0.0170118 , 0 , 70.6366
0.00585216 , 105.46 , 46.45 , -0.0160308 , 0 , 69.531
0.00634424 , 103.17 , 46.38 , -0.0150231 , 0 , 68.8519
0.00508376 , 100.88 , 46.58 , -0.0139963 , 0 , 68.653
0.00569016 , 97.86 , 46.92 , -0.013029 , 0 , 68.519
0.00803376 , 95.71 , 46.43 , -0.0124421 , 0 , 67.5282
0.0053084 , 92.76 , 46.44 , -0.0116239 , 0 , 67.0789
0.00483688 , 90.57 , 47.88 , -0.0107321 , 0 , 68.179
0.00673592 , 88.5 , 48.42 , -0.0101272 , 0 , 68.362
0.00433336 , 86.32 , 48.68 , -0.00942016 , 0 , 68.2852
0.00694312 , 83.53 , 49.07 , -0.00887185 , 0 , 68.2114
0.0084316 , 81.38 , 49.87 , -0.00857973 , 0 , 68.526
0.00505064 , 78.75 , 51 , -0.0080497 , 0 , 69.1958
0.00494264 , 76.37 , 51.25 , -0.00740939 , 0 , 69.1142
0.00628296 , 74.22 , 52.64 , -0.00693622 , 0 , 70.1713
0.0100632 , 71.48 , 53.58 , -0.00672823 , 0 , 70.4788
0.0028392 , 69.37 , 55.61 , -0.00619039 , 0 , 72.0574
0.00701816 , 67.28 , 56.26 , -0.00572997 , 0 , 72.2295
0.00752392 , 64.04 , 57.5 , -0.0054009 , 0 , 72.96
0.00536832 , 61.76 , 58.22 , -0.0049572 , 0 , 73.1177
0.00573856 , 59.49 , 59.97 , -0.00452837 , 0 , 74.3329
0.00563536 , 58.21 , 61.87 , -0.00416678 , 0 , 75.7278
0.00498448 , 55.73 , 64.53 , -0.00381273 , 0 , 77.7753
0.0101678 , 53.89 , 65.94 , -0.00362661 , 0 , 78.4243
0.0032044 , 51.96 , 68.15 , -0.00330883 , 0 , 80.0631
0.0066148 , 50.34 , 69.49 , -0.00301433 , 0 , 80.793
0.00284536 , 47.18 , 70.93 , -0.00268587 , 0 , 81.7575
0.00220312 , 45.4 , 71.88 , -0.00233519 , 0 , 82.2596
0.00854096 , 44.07 , 73.65 , -0.00214705 , 0 , 83.4068
0.0069212 , 42.4 , 74.86 , -0.00198239 , 0 , 83.908
0.0063928 , 39.82 , 76.74 , -0.0017913 , 0 , 85.1204
0.00326392 , 37.67 , 79.82 , -0.00158212 , 0 , 87.8325
0.00652816 , 35.38 , 81.5 , -0.00141379 , 0 , 89.0346
0.00668496 , 33.99 , 83.4 , -0.00128266 , 0 , 90.5023
0.00670288 , 31.7 , 86.3 , -0.00116193 , 0 , 92.9345
0.00284008 , 29.18 , 88.43 , -0.00102344 , 0 , 94.816
0.0070048 , 27.74 , 90.37 , -0.00092274 , 0 , 96.4423
0.0060144 , 25.32 , 93.47 , -0.000843793 , 0 , 99.2765
0.00388992 , 23.41 , 95.6 , -0.000759721 , 0 , 101.232
0.00324712 , 22.17 , 97.81 , -0.000687242 , 0 , 103.386
0.00644608 , 20.74 , 99.65 , -0.000640631 , 0 , 105.006
0.00664296 , 18.69 , 102.15 , -0.000607252 , 0 , 107.289
0.00312104 , 16.59 , 105.27 , -0.000567824 , 0 , 110.409
0.00290896 , 15.15 , 107.18 , -0.000531524 , 0 , 112.336
0.00638848 , 12.19 , 111.94 , -0.000514448 , 0 , 117.011
0.00640376 , 10 , 114.92 , -0.000503272 , 0 , 119.903
0.00287528 , 8.77 , 117.35 , -0.00048548 , 0 , 122.492
0.00341264 , 7.62 , 119 , -0.000470102 , 0 , 124.248
0.00622792 , 6.09 , 122.83 , -0.000468999 , 0 , 128.109
0.0119957 , 4.37 , 126.61 , -0.000485033 , 0 , 131.603
0.00543104 , 3.61 , 129.69 , -0.000490427 , 0 , 134.858
0.0101194 , 2.88 , 132.49 , -0.000499338 , 0 , 137.5
0.75808 , 1.69 , 135.61 , -0.0483562 , 226.126 , 58.3226
0.0154246 , 1.93 , 138.25 , -0.0547284 , 175.154 , 99.1002
0.0171737 , 4.46 , 139.73 , -0.0219629 , 93.9557 , 108.854
0.0128799 , 7.06 , 139.82 , -0.0113126 , 46.1009 , 124.049
0.0327226 , 10.42 , 139.22 , -0.0093863 , 45.1971 , 126.133
